Subject_nr	Trial_nr	Item	Spanish_Label	Condition	VoiceOnset	Error	ErrorDetail	RT_new	RT_pre	ArticlesPre	ArticlesPost
601	1	leaf	hoja	2	932	0	0	829.707140925249	791.453219241313	NA	NA
601	2	lid	tapa	2	798	0	0	784.289683438075	1817.34542790949	NA	NA
601	3	frog	rana	2	685	0	0	626.689200066972	675.72160432225	NA	NA
601	4	deer	ciervo	1	1341	0	0	1328	738.504232328601	NA	NA
601	5	bra	sujetador	2	607	0	0	592.000000000001	679.099701555881	NA	NA
601	6	brick	ladrillo	2	737	0	0	664	739.311684651765	NA	NA
601	7	nurse	enfermera	2	644	0	0	624	811.530693889653	NA	NA
601	8	bracelet	pulsera	1	674	0	0	638.290225258874	917.705981729327	NA	NA
601	9	ant	hormiga	1	1087	0	0	1064	1363.61445639162	NA	NA
601	10	garlic	ajo	2	918	0	0	910.037217138478	1179.44754137199	NA	NA
601	11	bone	hueso	2	664	0	0	636.506795035676	1181.02827352659	NA	NA
601	12	whip	l치tigo	2	852	0	0	832.000000000001	1947.7983893157	NA	NA
601	13	ruler	regla	1	1007	0	0	988.737861264231	2065.30978529766	NA	NA
601	14	pencil	l치piz	1	967	0	0	929.516446860028	747.800907549199	NA	NA
601	15	glove	guante	2	554	0	0	719.980777651847	846.793244310412	NA	NA
601	16	broom	escoba	1	1487	0	0	1417.94837196138	948.585	1	NA
601	17	zipper	cremallera	1	917	0	0	886.745514785431	891.654574433318	NA	NA
601	18	basket	canasta	2	852	0	0	832.124021173561	1124.93122154929	NA	NA
601	19	bowl	cuenco	2	675	0	0	651.345432235024	1088.51309892655	NA	NA
601	20	mushroom	hongo	1	1529	0	0	1504	753.462011131719	NA	NA
601	21	peach	melocot칩n	1	1417	0	0	1408	1643.81924465174	NA	NA
601	22	turkey	pavo	2	687	0	0	769.768510767091	1096.61999079024	NA	NA
601	23	mop	fregona	1	1181	0	0	1160	1965.6900866832	NA	NA
601	24	sausage	salchicha	1	979	0	0	934.599743702025	804.275651671323	NA	NA
601	25	seal	foca	1	1101	0	0	1057.27953053791	827.503634321534	NA	NA
601	26	donkey	burro	1	960	0	0	950.00262410562	806.451879742704	NA	NA
601	27	wallet	cartera	2	688	0	0	656.175139096389	787.343	1	NA
601	28	drill	taladro	2	1305	0	0	1280.64700543176	3163.523	1	NA
601	29	bucket	cubo	1	1183	0	0	1168	823.803010882985	NA	NA
601	30	swing	columpio	1	786	0	0	755.267229277214	846.662438529102	NA	NA
601	31	squirrel	ardilla	2	719	0	0	673.576676884241	958.212607452964	NA	NA
601	32	scarf	bufanda	2	762	0	0	720.387525553693	1761.98677100512	NA	NA
601	33	axe	hacha	1	1143	0	0	1104	1164.11557151702	NA	NA
601	34	snail	caracol	2	796	0	0	747.533212482613	977.693080109607	NA	NA
601	35	whistle	silbato	2	717	0	0	694.361847019731	994.193457047132	NA	NA
601	36	lighter	mechero	1	1072	0	0	1044.80948302509	1574.85829765695	NA	NA
601	37	chair	silla	1	962	0	0	910.183252144238	775.414896052766	NA	NA
601	38	shovel	pala	1	641	0	0	586.886041800338	1026.53822962341	NA	NA
601	39	spoon	cuchara	2	575	0	0	544.069883303678	627.575663662626	NA	NA
601	40	shark	tibur칩n	1	621	0	0	564.030541184684	704.876940149592	NA	NA
601	41	iron	plancha	2	1026	0	0	1009.63860478009	2951.28932845204	NA	NA
601	42	waiter	camarero	1	1572	0	0	1552	1862.90028280951	NA	NA
601	43	fence	alambrada	1	770	0	0	602.037021534182	839.697030585156	NA	NA
601	44	raccoon	mapache	1	1085	0	0	1064	3126.04147215008	NA	NA
601	45	dice	dado	2	743	0	0	736	1133.96690270747	NA	NA
601	46	doll	mu침eca	2	634	0	0	603.970525732832	820.609150836974	NA	NA
602	1	leaf	hoja	1	1386	0	0	1568	1130.38631024182	NA	NA
602	2	nurse	enfermera	1	1459	0	0	1440	1008	NA	NA
602	3	frog	rana	1	1339	0	0	1284.1702795773	1482.43492330856	NA	NA
602	4	fence	alambrada	2	1157	0	0	1100.3783602772	1029.51296912715	NA	NA
602	5	bra	sujetador	1	1311	0	0	1283.77732396208	938.648548947923	NA	NA
602	6	brick	ladrillo	1	1556	0	0	1463.1636056875	1023.27402949407	NA	NA
602	7	scarf	bufanda	1	1544	0	0	1528	1250.28207723887	NA	NA
602	8	bucket	cubo	2	1223	0	0	1202.98256198285	1079.33359086013	NA	NA
602	9	bracelet	pulsera	2	1088	0	0	1072	1280.27235537888	NA	NA
602	10	garlic	ajo	1	1731	0	0	1712	1120	NA	NA
602	11	bone	hueso	1	1778	0	0	1744.00509054145	844.154780353288	NA	NA
602	12	ant	hormiga	2	1558	0	0	1544	1288.51715529104	NA	NA
602	13	sausage	salchicha	2	951	0	0	1142.43038204283	998.839528127636	NA	NA
602	14	moustache	bigote	2	1279	0	0	1253.37840013394	1370.21138832607	NA	NA
602	15	glove	guante	1	1493	0	0	1432	1286.11030429414	NA	NA
602	16	chair	silla	2	1906	0	0	1896	958.855651363762	NA	NA
602	17	key	llave	1	1112	0	0	1100.51890556703	987.912580837655	NA	NA
602	18	basket	canasta	1	1252	0	0	2862.142	2272	NA	NA
602	19	bowl	cuenco	1	1328	0	0	1307.74668558244	1537.15404742289	NA	NA
602	20	peach	melocot_n	2	864	0	0	1157.55727942721	1361.85467508961	NA	NA
602	21	pocket	bolsillo	2	1057	0	0	1048	1846.73204945762	NA	NA
602	22	wallet	cartera	1	605	0	0	1624	1077.63711931416	NA	NA
602	23	mushroom	hongo	2	1071	0	0	1056	2822.26535121879	NA	NA
602	24	shark	tibur_n	2	957	0	0	917.198205914172	1113.11480881757	NA	NA
602	25	shovel	pala	2	1167	0	0	1125.76712302303	1209.86196053928	NA	NA
602	26	donkey	burro	2	873	0	0	856.000000000001	1772.29062660797	NA	NA
602	27	whip	l퍠tigo	1	1009	0	0	1821.34525848746	1533.47684570239	NA	NA
602	28	drill	taladro	1	2289	0	0	2280	1032	NA	NA
602	29	coffin	ata퍞d	2	1270	0	0	1256	1287.52138522552	NA	NA
602	30	spoon	cuchara	1	376	0	0	1157.66994230076	840.12120046896	NA	NA
602	31	turkey	pavo	1	808	0	0	1221.47623101295	1101.38505165823	NA	NA
602	32	snail	caracol	1	1388	0	0	1430.56973712028	730.837031669012	NA	NA
602	33	broom	escoba	2	844	0	0	824	2137.85658498513	NA	NA
602	34	squirrel	ardilla	1	1220	0	0	1180.87199268456	1093.06486700536	NA	NA
602	35	axe	hacha	2	1557	0	0	1536	1439.0724464341	NA	NA
602	36	mop	fregona	2	1189	0	0	1176	2655.75793793847	NA	NA
602	37	deer	ciervo	2	1309	0	0	1288	1132.87538825265	NA	NA
602	38	tray	bandeja	2	1132	0	0	1125.53328331874	1062.78674790416	NA	NA
602	39	watch	reloj	1	1658	0	0	1640	1149.173063941	NA	NA
602	40	swing	columpio	2	1091	0	0	1064.14452501159	1565.07859104504	NA	NA
602	41	iron	plancha	1	944	0	0	1448	1666.61452419406	NA	NA
602	42	dress	vestido	2	600	0	0	888	1187.46063666692	NA	NA
602	43	lighter	mechero	2	1883	0	0	1864	1310.00325760372	NA	NA
602	44	raccoon	mapache	2	1291	0	0	1272	1652.33238393694	NA	NA
602	45	dice	dado	1	1091	0	0	1066.07802921024	1430.68058945944	NA	NA
602	46	doll	mu퍔eca	1	1112	0	0	1256	1040.6350249168	NA	NA
603	1	nurse	enfermera	2	936	0	0	902.447388078924	719.189082937801	NA	NA
603	2	scarf	bufanda	2	609	0	0	690.494838622431	850.460293655027	NA	NA
603	3	garlic	ajo	2	577	0	0	1360	2099.92784880981	NA	NA
603	4	lighter	mechero	1	881	0	0	1072	1243.06226900712	NA	NA
603	5	bra	sujetador	2	574	0	0	690.494838622431	888	NA	NA
603	6	brick	ladrillo	2	660	0	0	632	757.938164309751	NA	NA
603	7	squirrel	ardilla	2	1047	0	0	1023.05756079027	1084.76628042085	NA	NA
603	8	chair	silla	1	1159	0	0	1134.97892848773	1098.3756224798	NA	NA
603	9	broom	escoba	1	1232	0	0	1219.22679547127	728.000000000001	NA	NA
603	10	glove	guante	2	707	0	0	920	921.880426741454	NA	NA
603	11	bone	hueso	2	643	0	0	613.638046726083	776	NA	NA
603	12	axe	hacha	1	889	0	0	872	NA	NA	NA
603	13	sausage	salchicha	1	837	0	0	799.254449796507	873.808066300483	NA	NA
603	14	parrot	loro	2	611	0	0	853.392567358714	1143.93862424494	NA	NA
603	15	iron	plancha	2	1327	0	0	1319.23677286221	1295.49795083383	NA	NA
603	16	coffin	ata퍞d	1	1693	0	0	1675.84107130465	815.259770793186	NA	NA
603	17	snake	serpiente	2	867	0	0	814.722483385709	772.871463524214	NA	NA
603	18	basket	canasta	2	852	0	0	840.000000000001	983.398316851558	NA	NA
603	19	bowl	cuenco	2	1762	0	0	2080.0042	720.000000000001	NA	NA
603	20	pocket	bolsillo	1	1523	0	0	1518.68486230408	1335.09223586696	NA	NA
603	21	ruler	regla	1	1043	0	0	1376	4800.70452179086	NA	NA
603	22	whistle	silbato	2	1537	0	0	1503.04381777983	981.77258256743	NA	NA
603	23	peach	melocot_n	1	1267	0	0	1256	843.888459823801	NA	NA
603	24	seal	foca	1	1911	0	0	1887.89779002968	917.801437857598	NA	NA
603	25	shark	tibur_n	1	1057	0	0	1019.67392844264	851.636467250264	NA	NA
603	26	spoon	cuchara	2	840	0	0	799.254449796508	826.941853105259	NA	NA
603	27	ant	hormiga	1	1186	0	0	1168	894.158511347268	NA	NA
603	28	frog	rana	2	559	0	0	712.246760857246	631.723987397784	NA	NA
603	29	deer	ciervo	1	1410	0	0	1351.98219819342	1659.16109093327	NA	NA
603	30	zipper	cremallera	1	NA	NA	NA	NA	1140.63419266696	NA	NA
603	31	whip	l퍠tigo	2	983	0	0	960.000000000001	2902.41518239879	NA	NA
603	32	turkey	pavo	2	914	0	0	895.92965972902	1006.15041456693	NA	NA
603	33	bucket	cubo	1	504	0	0	672	920	NA	NA
603	34	wallet	cartera	2	810	0	0	792	744	NA	NA
603	35	bracelet	pulsera	1	1166	0	0	1155.6694490075	1192	NA	NA
603	36	mushroom	hongo	1	1131	0	0	1104	763.772363589472	NA	NA
603	37	fence	alambrada	1	1074	0	0	1019.67392844264	730.468648054725	NA	NA
603	38	tray	bandeja	1	1593	0	0	1704.93828390013	NA	NA	NA
603	39	skull	calavera	2	523	0	0	701.687853595197	1786.34625709242	NA	NA
603	40	shovel	pala	1	941	0	0	897.86316392767	926.079583592976	NA	NA
603	41	leaf	hoja	2	697	0	0	680	736	NA	NA
603	42	window	ventana	1	1100	0	0	1080	1037.56278028745	NA	NA
603	43	mop	fregona	1	1244	0	0	1226.55887769821	2414.89381007315	NA	NA
603	44	donkey	burro	1	676	0	0	903.663676523621	1344.74076036679	NA	NA
603	45	dice	dado	2	818	0	0	808	872.56227592004	NA	NA
603	46	doll	mu퍔eca	2	813	0	0	792	885.166161412296	NA	NA
604	1	lid	tapa	1	2515	0	0	2820.64548767797	5874.77565157295	1	NA
604	2	nurse	enfermera	1	1395	0	0	1376	788.404311204965	NA	NA
604	3	frog	rana	1	1156	0	0	1112.48212997785	836.557196478905	NA	NA
604	4	coffin	ata퍞d	2	804	0	0	792	815.356773041844	1	NA
604	5	bra	sujetador	1	1011	0	0	992	826.702721542319	NA	NA
604	6	brick	ladrillo	1	915	0	0	896	701.047211398368	1	NA
604	7	scarf	bufanda	1	1477	0	0	2046.97922782978	852.270355925247	1	NA
604	8	broom	escoba	2	831	0	0	816	679.927594728181	1	NA
604	9	axe	hacha	2	1079	0	0	1292.35701331256	880.842924405476	1	NA
604	10	garlic	ajo	1	1140	0	0	1128	2569.69310520143	NA	NA
604	11	bone	hueso	1	925	0	0	896	784.744851086639	1	NA
604	12	whistle	silbato	1	953	0	0	936	716.256268375765	1	NA
604	13	peach	melocot_n	2	871	0	0	864.000000000001	1627.68115424026	1	NA
604	14	arrow	flecha	1	1147	0	0	1136	977.333252086298	1	NA
604	15	glove	guante	1	955	0	0	936	1625.88787694254	1	NA
604	16	bucket	cubo	2	1445	0	0	1672.66378459412	2876.4132097048	NA	NA
604	17	swing	columpio	2	971	0	2	NA	1084.67622278651	NA	NA
604	18	basket	canasta	1	640	0	0	1259.06624985635	1240	1	NA
604	19	bowl	cuenco	1	1035	0	0	1088	991.75760384282	1	NA
604	20	mop	fregona	2	NA	1	1	NA	1467.22952220779	NA	NA
604	21	mushroom	hongo	2	1082	0	0	1249.22756220369	871.738431618186	NA	NA
604	22	wallet	cartera	1	NA	NA	NA	NA	1110.76260899978	1	NA
604	23	lighter	mechero	2	991	0	0	976.000000000001	1006.13106290084	1	1
604	24	pocket	bolsillo	2	1418	0	0	3718.20657855306	11533.2598187045	1	NA
604	25	sausage	salchicha	2	1557	0	0	1591.42327354876	834.470016691341	NA	NA
604	26	zipper	cremallera	2	801	0	0	784	1056.13624176675	NA	NA
604	27	whip	l퍠tigo	1	1071	0	0	1048	1212.76989238792	NA	NA
604	28	drill	taladro	1	1017	0	0	1353.05988820487	NA	1	NA
604	29	bull	toro	2	1974	0	0	1953.33150040377	1283.16688924116	1	NA
604	30	shovel	pala	2	846	0	0	824	1104	1	NA
604	31	turkey	pavo	1	1968	0	0	2273.636810395	2108.46763326022	NA	NA
604	32	snail	caracol	1	700	0	0	680	1685.89128439341	NA	1
604	33	bracelet	pulsera	2	1060	0	0	1040	1018.84853911735	NA	NA
604	34	squirrel	ardilla	1	928	0	0	919.131710112822	12493.9616365312	1	NA
604	35	ant	hormiga	2	1049	0	0	1032	913.045064790521	NA	NA
604	36	fence	alambrada	2	950	0	0	828.257012776261	837.208826756061	NA	NA
604	37	chair	silla	2	815	0	0	1000	1010.11296409903	NA	NA
604	38	shark	tibur_n	2	638	0	0	596.236508938231	772.673410156451	1	NA
604	39	tray	bandeja	2	NA	1	1	NA	4036.21463365696	1	NA
604	40	seal	foca	2	947	0	0	971.336323476379	947.299098255691	1	1
604	41	leaf	hoja	1	1002	0	0	984.000000000001	635.102084631415	NA	NA
604	42	donkey	burro	2	1015	0	0	1000	1007.6487688016	1	NA
604	43	deer	ciervo	2	1615	0	0	1763.7239428902	920	NA	NA
604	44	moustache	bigote	1	1381	0	0	1591.76621525617	1348.45189499625	1	NA
604	45	dice	dado	1	880	0	0	872	1138.06065201263	1	1
604	46	doll	mu퍔eca	1	1308	0	0	1579.105	1025.30967796819	1	NA
608	1	nurse	enfermera	1	NA	NA	NA	NA	735.350224302702	NA	NA
608	2	snail	caracol	1	53	0	0	NA	830.059224800237	NA	NA
608	3	garlic	ajo	1	737	0	0	1336	1378.62663202075	NA	NA
608	4	peach	melocot_n	2	550	0	0	880	1011.49798804989	NA	NA
608	5	bra	sujetador	1	583	0	0	920	1005.14464843556	NA	NA
608	6	brick	ladrillo	1	386	0	0	841.791542166813	1155.47898020959	NA	NA
608	7	squirrel	ardilla	1	542	0	0	1247.82742388337	1857.64790501438	NA	NA
608	8	deer	ciervo	2	809	0	0	800	1114.62282173283	NA	NA
608	9	chair	silla	2	438	0	0	944.267264695276	1489.02042556609	NA	NA
608	10	glove	guante	1	811	0	0	797.320945597857	828.029318689636	NA	NA
608	11	bone	hueso	1	749	0	0	813.272355236722	1048	NA	NA
608	12	broom	escoba	2	1014	0	0	NA	1032.53707016232	NA	NA
608	13	zipper	cremallera	2	115	0	0	954.41816173819	2307.4607817386	NA	NA
608	14	watch	reloj	1	568	0	0	768	930.25509629468	NA	NA
608	15	leaf	hoja	1	NA	NA	NA	NA	922.03442073317	NA	NA
608	16	fence	alambrada	2	833	0	0	872	867.834	NA	NA
608	17	window	ventana	1	724	0	0	1280	1984	NA	NA
608	18	basket	canasta	1	602	0	0	1184	3829.13842274226	NA	NA
608	19	bowl	cuenco	1	500	0	0	1080	1246.2122772868	NA	NA
608	20	shark	tibur_n	2	568	0	0	713.696889006234	918.366862873952	NA	NA
608	21	shovel	pala	2	505	0	0	816	2301.97467087446	NA	NA
608	22	axe	hacha	2	554	0	0	866.927096749266	1531.94391576384	NA	NA
608	23	seal	foca	2	471	0	0	809.405346839421	1415.6156231771	NA	NA
608	24	spoon	cuchara	1	564	0	0	839.858037968162	926.151899625146	NA	NA
608	25	skunk	mofeta	1	490	0	0	1232.35939029416	1136.21800228193	NA	NA
608	26	knife	cuchillo	1	840	0	0	824	1164.27007631453	NA	NA
608	27	bracelet	pulsera	2	1016	0	0	1000	1104.7743392471	NA	NA
608	28	frog	rana	1	519	0	0	776.052399412704	705.688840614615	NA	NA
608	29	lighter	mechero	2	580	0	0	768	943.737597015694	NA	NA
608	30	suit	traje	1	482	0	0	837.924533769512	883.734660772335	NA	NA
608	31	ant	hormiga	2	645	0	0	952.000000000001	953.273483245948	NA	NA
608	32	turkey	pavo	1	403	0	0	1424	1265.46200613552	NA	NA
608	33	coffin	ata퍞d	2	552	0	0	792	976.188316328053	NA	NA
608	34	wallet	cartera	1	370	0	0	872	1106.86536694199	NA	NA
608	35	bucket	cubo	2	678	0	0	822.45650018031	892.849503730932	NA	NA
608	36	sausage	salchicha	2	536	0	0	864.993592550616	928.009788207955	NA	NA
608	37	mushroom	hongo	2	1291	0	0	1272	2201.12312023242	NA	NA
608	38	raccoon	mapache	1	846	0	0	1480	5704	NA	NA
608	39	belt	cintur_n	1	614	0	0	1032	830.049580938958	NA	NA
608	40	pencil	l퍠piz	1	382	0	0	1456	1039.76621291613	NA	NA
608	41	lid	tapa	1	531	0	0	982.937348668281	1736	NA	NA
608	42	parrot	loro	1	582	0	0	992	1368.73986436905	NA	NA
608	43	pocket	bolsillo	2	625	0	0	944	1052.20628926269	NA	NA
608	44	dress	vestido	1	473	0	0	1544	1526.83654821253	NA	NA
608	45	doll	mu퍔eca	1	981	0	0	968.000000000001	844.131640257188	NA	NA
608	46	drill	taladro	1	703	0	0	1216	NA	NA	NA
610	1	bracelet	pulsera	2	896	0	0	1280	3071.60173919994	NA	NA
610	2	broom	escoba	2	1800	0	0	1784	2289.73526128693	1	NA
610	3	snail	caracol	1	1408	0	0	1392	1448.21406679458	NA	NA
610	4	chest	pecho	1	846	0	0	832.000000000001	1387.00082337512	NA	NA
610	5	doll	mu퍔eca	1	1081	0	0	1054.87893858599	1236.24031012819	NA	NA
610	6	frog	rana	1	1157	0	0	1040.94247462779	664.493098919569	NA	NA
610	7	chair	silla	2	910	0	0	896	928.041273918701	NA	NA
610	8	tree	퍠rbol	1	1910	0	0	1896	2331.66342758484	NA	NA
610	9	shovel	pala	2	1041	0	0	1013.87341584668	1376	NA	NA
610	10	squirrel	ardilla	1	1400	0	0	1362.08731050981	1433.39706768226	NA	NA
610	11	bowl	cuenco	1	1252	0	0	1224	NA	NA	NA
610	12	sausage	salchicha	2	859	0	0	814.722483385709	1220.20888149136	NA	NA
610	13	lightning	rayo	1	1938	0	0	1908.98504988066	1184	NA	NA
610	14	leg	pierna	2	1294	0	0	1233.69550036834	840.62800218487	NA	NA
610	15	wallet	cartera	1	1341	0	0	1328	1151.59751842831	1	NA
610	16	pencil	l퍠piz	1	999	0	0	976.000000000001	1040.12397783354	NA	NA
610	17	dog	perro	2	913	0	0	835.991029570862	867.551445624319	NA	NA
610	18	bone	hueso	1	1313	0	0	1296	1146.35653935018	NA	NA
610	19	bra	sujetador	1	1233	0	0	1201.42332311576	1043.60182568702	NA	NA
610	20	spoon	cuchara	1	1039	0	0	996.471878058833	896.981122171183	NA	NA
610	21	monkey	mono	1	855	0	0	840.000000000001	1259.82336196305	NA	NA
610	22	peach	melocot_n	2	1010	0	0	992	1666.30659489442	NA	NA
610	23	belt	cintur_n	1	NA	1	1	NA	2090.72159763458	NA	NA
610	24	cage	jaula	2	1361	0	0	1352	3271.30727285046	NA	NA
610	25	heel	tac_n	2	916	0	0	896	1308.44467000469	NA	NA
610	26	moustache	bigote	2	2254	0	0	4259.23865214234	1631.93691007298	NA	NA
610	27	pocket	bolsillo	2	1188	0	0	1168	1387.58573261094	NA	NA
610	28	scarf	bufanda	1	1259	0	0	1220.75836510226	874.1659905847	NA	NA
610	29	snake	serpiente	1	1196	0	0	1183.17609911174	1029.10182003642	NA	NA
610	30	candle	vela	2	2679	0	0	2672	1316.48395608834	NA	NA
610	31	mop	fregona	2	1491	0	0	1472	1805.71601168166	NA	NA
610	32	fence	alambrada	2	1006	0	0	905.597180722271	3475.63438295184	NA	NA
610	33	zipper	cremallera	2	1195	0	0	1175.19379022545	1338.66742983868	NA	NA
610	34	lighter	mechero	2	1475	0	5	1456	1460.9930620554	NA	NA
610	35	shark	tibur_n	2	1198	0	2	NA	2530.51072824343	NA	NA
610	36	suit	traje	1	1886	0	0	2106.71362544365	1036.76516832247	NA	NA
610	37	tie	corbata	1	869	0	0	856.000000000001	3096.98777295271	NA	NA
610	38	horse	caballo	2	1225	0	0	1208	1230.11280233889	NA	NA
610	39	duck	pato	2	1003	0	0	992	1170.90829391495	NA	NA
610	40	rope	soga	2	945	0	0	928	1434.07760155127	NA	NA
610	41	whistle	silbato	1	1273	0	0	1264	1420.95400973613	NA	NA
610	42	waiter	camarero	2	1261	0	0	1248	1192	NA	NA
610	43	onion	cebolla	1	1058	0	0	1048	1044.42427124117	NA	NA
610	44	window	ventana	2	1149	0	0	1136	1856	NA	NA
610	45	glove	guante	1	1059	0	0	1044.80948302509	1278.01710868552	NA	NA
610	46	nurse	enfermera	1	1478	0	0	1464	1085.24569667331	NA	NA
611	1	wallet	cartera	2	961	0	0	938.466752099325	944	NA	NA
611	2	whip	l퍠tigo	2	1201	0	0	1392	4676.81954184234	NA	NA
611	3	leaf	hoja	2	630	0	0	712.246760857246	1375.69261520791	NA	NA
611	4	snake	serpiente	2	713	0	0	677.443685281541	936.346164249966	NA	NA
611	5	bra	sujetador	2	837	0	0	832.124021173561	2144	NA	NA
611	6	doll	mu퍔eca	2	897	0	0	882.395130338468	1287.91342195005	NA	NA
611	7	whistle	silbato	2	1187	0	0	1168	1576	NA	NA
611	8	sausage	salchicha	1	445	0	0	1006.13939905208	1456.99727162857	NA	NA
611	9	fence	alambrada	1	NA	1	1	NA	13263.4710499371	NA	NA
611	10	nurse	enfermera	2	911	0	0	1083.47956699809	1123.77089546536	NA	NA
611	11	bone	hueso	2	613	0	0	806.988466591108	1646.70048788188	NA	NA
611	12	coffin	ata퍞d	1	3939	0	0	3920	1969.57368513349	NA	NA
611	13	onion	cebolla	2	746	0	0	899.79666812632	2776	NA	NA
611	14	rope	soga	1	1239	0	0	1182.08828112926	1936.15159371106	NA	NA
611	15	scarf	bufanda	2	634	0	0	747.04983643295	973.239109787327	NA	NA
611	16	shark	tibur_n	1	NA	NA	NA	NA	1301.53959810573	NA	NA
611	17	watch	reloj	1	1731	0	0	1886.34473686584	2305.20948566723	NA	NA
611	18	basket	canasta	2	636	0	0	1192	1160	NA	NA
611	19	bowl	cuenco	2	969	0	0	942.333760496626	1411.09528943219	NA	NA
611	20	spoon	cuchara	2	607	0	0	569.167450157127	910.935898033433	NA	NA
611	21	cage	jaula	2	876	0	0	856.000000000001	1094.21205989253	NA	NA
611	22	bull	toro	1	544	0	0	2015.13848157497	4200	NA	NA
611	23	tie	corbata	2	1094	0	0	1164.6867433414	1318.13423103516	NA	NA
611	24	heel	tac_n	1	1484	0	0	1464	1056.96528806563	NA	NA
611	25	suit	traje	1	845	0	0	1632	986.507165161889	NA	NA
611	26	duck	pato	1	965	0	0	1079.61255860079	2485.95998230881	NA	NA
611	27	chair	silla	1	1219	0	0	1400.4144527754	916.6160291471	NA	NA
611	28	iron	plancha	2	NA	1	1	NA	7763.26842922982	NA	NA
611	29	zipper	cremallera	1	NA	NA	NA	NA	1667.65098276814	NA	NA
611	30	waiter	camarero	1	NA	1	1	NA	1625.09625296221	NA	NA
611	31	bucket	cubo	1	1194	0	0	1176	1064	NA	NA
611	32	ant	hormiga	1	1060	0	0	1160	1870.69842280172	NA	NA
611	33	lighter	mechero	1	1109	0	0	1238.15990289011	1128.32786554119	NA	NA
611	34	bracelet	pulsera	1	3202	0	0	3184	2892.35610247394	NA	NA
611	35	deer	ciervo	1	829	0	0	992	7389.67376151634	NA	NA
611	36	skull	calavera	2	880	0	0	855.326071557364	1905.34046526152	NA	NA
611	37	pencil	l퍠piz	2	1080	0	0	1072	1064.54262758778	NA	NA
611	38	raccoon	mapache	1	NA	1	1	NA	2549.09513610545	NA	NA
611	39	moustache	bigote	1	1344	0	0	1328	1056.43399663014	NA	NA
611	40	pillow	almohada	1	NA	NA	NA	NA	1013.68877083084	NA	NA
611	41	squirrel	ardilla	2	343	0	0	1402.59624906574	1514.41162486239	NA	NA
611	42	straw	paja	1	1336	0	0	1299.21584746088	6447.39087751938	NA	NA
611	43	skunk	mofeta	2	2431	0	0	2533.06931472155	1164.32349761795	NA	NA
611	44	tree	퍠rbol	1	1223	0	0	1213.02434830766	1344.82774950174	NA	NA
611	45	frog	rana	2	721	0	0	963.602306681778	2480.92919097135	NA	NA
611	46	garlic	ajo	2	2872	0	0	2856	2738.23022809544	NA	NA
612	1	leaf	hoja	1	809	0	0	784	928	NA	NA
612	2	lid	tapa	1	531	0	0	776	896	NA	NA
612	3	frog	rana	1	1019	0	0	1002.27239065478	703.3557811467	NA	NA
612	4	deer	ciervo	2	844	0	0	832.000000000001	920	NA	NA
612	5	bra	sujetador	1	1074	0	0	1056	1353.58798282016	NA	NA
612	6	brick	ladrillo	1	1157	0	0	1144	1010.43790792897	NA	NA
612	7	nurse	enfermera	1	858	0	0	840.000000000001	1192	NA	NA
612	8	broom	escoba	2	766	0	0	744	728.000000000001	1	NA
612	9	ant	hormiga	2	847	0	0	824	856.993748538039	NA	NA
612	10	garlic	ajo	1	1415	0	0	1504.51023422522	1141.22005853245	NA	NA
612	11	bone	hueso	1	900	0	0	880	956.657175470413	NA	NA
612	12	whip	l퍠tigo	1	893	0	0	880	971.91540838388	NA	NA
612	13	pocket	bolsillo	2	929	0	0	920	1039.32751899514	NA	NA
612	14	arrow	flecha	1	1051	0	0	1032	757.061301829213	NA	NA
612	15	glove	guante	1	1195	0	0	1176	937.731089952369	NA	NA
612	16	bucket	cubo	2	733	0	0	712.000000000001	1038.76768896962	NA	NA
612	17	swing	columpio	2	790	0	0	750.916844830251	1296.73520222916	NA	NA
612	18	basket	canasta	1	969	0	0	952.000000000001	1296	NA	NA
612	19	bowl	cuenco	1	937	0	0	920	899.238511394373	NA	NA
612	20	mushroom	hongo	2	862	0	0	840.000000000001	1015.53196092803	NA	NA
612	21	peach	melocot_n	2	893	0	0	880	954.257584322506	NA	NA
612	22	turkey	pavo	1	983	0	0	976.000000000001	835.171976031144	NA	NA
612	23	mop	fregona	2	1063	0	0	1048	1694.01159075488	NA	NA
612	24	ruler	regla	2	849	0	0	832.000000000001	1275.90619931114	NA	NA
612	25	sausage	salchicha	2	705	0	0	663.90915589099	716.366493930229	NA	NA
612	26	zipper	cremallera	2	965	0	0	952.000000000001	1000	NA	NA
612	27	wallet	cartera	1	966	0	0	952.000000000001	1078.54388013914	1	NA
612	28	drill	taladro	1	719	0	0	704.000000000001	1585.04487950933	1	NA
612	29	chair	silla	2	1195	0	0	1176	922.584291465776	NA	NA
612	30	shovel	pala	2	713	0	0	671.64317268559	1096.62616887073	NA	NA
612	31	squirrel	ardilla	1	NA	NA	NA	NA	1016.49773804726	NA	NA
612	32	scarf	bufanda	1	1091	0	0	1058.34401241564	796.952067275964	NA	NA
612	33	axe	hacha	2	982	0	0	960.000000000001	949.62906548283	NA	NA
612	34	snail	caracol	1	1004	0	0	982.937348668281	1362.92196330911	NA	NA
612	35	whistle	silbato	1	1403	0	0	1745.476	1016	NA	NA
612	36	lighter	mechero	2	1038	0	0	1024	856.000000000001	NA	NA
612	37	coffin	ata퍞d	2	706	0	0	688	1023.08971798226	1	NA
612	38	shark	tibur_n	2	719	0	0	677.443685281541	994.099006672759	NA	NA
612	39	tray	bandeja	2	847	0	0	832.000000000001	1041.84968734339	NA	NA
612	40	seal	foca	2	728	0	0	712.000000000001	845.752900027114	NA	NA
612	41	iron	plancha	1	1093	0	0	1064	1369.66091905115	NA	NA
612	42	donkey	burro	2	768	0	0	752	980.484364368327	NA	NA
612	43	fence	alambrada	2	887	0	0	880	1230.00126061198	NA	NA
612	44	sleeve	manga	2	766	0	0	729.648298645098	909.661372566056	NA	NA
612	45	dice	dado	1	1089	0	0	1072	1887.62544705234	NA	NA
612	46	doll	mu퍔eca	1	1375	0	0	1352	920	NA	NA
613	1	mushroom	hongo	1	745	0	0	1304	2269.95343174572	NA	NA
613	2	sausage	salchicha	1	293	0	0	812.788979187059	4754.0365584603	NA	NA
613	3	turkey	pavo	2	1827	0	0	1808	3460.11462411991	NA	NA
613	4	watch	reloj	2	1092	0	0	1072	759.438531733081	NA	NA
613	5	frog	rana	2	594	0	0	774.118895214054	891.94671253864	NA	NA
613	6	glove	guante	2	763	0	0	744	1853.61422553889	NA	NA
613	7	shark	tibur_n	1	631	0	0	608.000000000001	759.006401482183	NA	NA
613	8	spoon	cuchara	2	360	0	0	605.904029931482	765.436397251213	NA	NA
613	9	onion	cebolla	2	740	0	0	720.000000000001	1404.37625548556	NA	NA
613	10	wallet	cartera	2	700	0	0	664	1117.44302114707	NA	NA
613	11	bra	sujetador	2	486	0	0	720.000000000001	1102.44107881607	NA	NA
613	12	tie	corbata	2	788	0	0	776	1277.17244648602	NA	NA
613	13	horse	caballo	1	1127	0	0	1035.20095489208	823.26434980801	NA	NA
613	14	key	llave	1	827	0	0	816	914.862318360514	NA	NA
613	15	chair	silla	1	1317	0	0	1304	1353.24095763513	NA	NA
613	16	cage	jaula	2	1300	0	0	1280	2041.66369765531	NA	NA
613	17	knife	cuchillo	1	NA	NA	NA	NA	1120	NA	NA
613	18	bone	hueso	2	1117	0	0	1096	3169.49896791801	NA	NA
613	19	doll	mu눰eca	2	815	0	0	792	1112	NA	NA
613	20	window	ventana	1	1178	0	0	1160	1431.14677365486	NA	NA
613	21	wave	ola	1	1401	0	0	1376	1203.9035745339	NA	NA
613	22	pencil	l눐piz	2	1129	0	0	1104	3462.16601708059	NA	NA
613	23	dress	vestido	1	1722	0	0	1688	908.679030287091	NA	NA
613	24	candle	vela	1	1366	0	0	1352	2726.3363138548	NA	NA
613	25	leg	pierna	1	1134	0	0	1112	1306.31343355835	NA	NA
613	26	monkey	mono	1	989	0	0	968.000000000001	1260.0494263898	NA	NA
613	27	snake	serpiente	2	725	0	0	712.000000000001	1056	NA	NA
613	28	scarf	bufanda	2	1128	0	0	1114.4156341765	1642.53878175031	NA	NA
613	29	tree	눐rbol	2	715	0	0	859.193079954665	1562.17570351939	NA	NA
613	30	cloud	nube	1	943	0	0	928	797.383928114965	NA	NA
613	31	suit	traje	2	1016	0	0	1008	1230.12931678902	NA	NA
613	32	zipper	cremallera	1	NA	NA	NA	NA	1575.90610403669	NA	NA
613	33	coat	abrigo	2	1033	0	0	1016	2937.21931527536	NA	NA
613	34	waiter	camarero	2	896	0	0	880	2288.51347943146	NA	NA
613	35	skull	calavera	2	1047	0	0	1032	1850.35804752883	NA	NA
613	36	heel	tac_n	1	1187	0	0	1166.62024754005	1418.57756581988	NA	NA
613	37	lightning	rayo	2	1205	0	0	1232	908.065750577154	NA	NA
613	38	blanket	manta	1	940	0	0	909.464189119571	2293.9938446366	NA	NA
613	39	moustache	bigote	1	913	0	0	2432	2696	NA	NA
613	40	lock	cerradura	1	NA	NA	NA	NA	1387.56875114153	NA	NA
613	41	lighter	mechero	1	1859	0	5	1848	2165.03128352931	NA	NA
613	42	chest	pecho	1	1621	0	0	1608	1776.49785667217	NA	NA
613	43	dog	perro	1	1024	0	0	1008	633.795256855539	NA	NA
613	44	wood	madera	1	NA	NA	NA	NA	1658.04775574531	NA	NA
613	45	leaf	hoja	2	1072	0	0	1048	1288.08566969037	NA	NA
613	46	nurse	enfermera	2	622	0	0	760	1519.4772394172	NA	NA
614	1	lighter	mechero	2	1258	0	0	1235.25656642945	1362.96805459876	NA	NA
614	2	mushroom	hongo	2	1514	0	0	1488	5562.22194177012	NA	NA
614	3	wallet	cartera	1	2289	0	0	2379.41780395177	5832	1	NA
614	4	tree	퍠rbol	1	1555	0	0	1728	2042.43352766068	NA	NA
614	5	frog	rana	1	1116	0	0	1224.62537349956	982.696986236809	NA	NA
614	6	garlic	ajo	1	1617	0	0	1752	5129.43148029196	NA	NA
614	7	peach	melocot_n	2	1198	0	0	1184	1541.07712882374	1	NA
614	8	watch	reloj	1	1084	0	0	1050.60999562104	1455.25115435558	NA	NA
614	9	spoon	cuchara	1	941	0	0	907.530684920921	1279.0251171265	NA	NA
614	10	bracelet	pulsera	2	1361	0	0	1332.39886411523	1987.13402229715	NA	NA
614	11	bra	sujetador	1	1327	0	0	1312	1104.59434576916	NA	NA
614	12	pencil	l퍠piz	1	1127	0	0	1304	2240	NA	NA
614	13	window	ventana	2	1100	0	0	1292.13821765099	1696	NA	NA
614	14	wood	madera	2	1109	0	0	1080	2583.23972596527	NA	NA
614	15	bull	toro	2	1019	0	0	965.535810880429	1960.92925913516	NA	NA
614	16	candle	vela	1	1845	0	0	1824	2720.94850238988	NA	NA
614	17	moustache	bigote	2	1865	0	0	1816	1488.82239650374	NA	NA
614	18	basket	canasta	1	1801	0	0	2523.9930275274	3106.3623770593	NA	NA
614	19	doll	mu퍔eca	1	1270	0	0	1222.69186930091	2253.75776380615	NA	NA
614	20	monkey	mono	2	1680	0	0	1656	2627.57872299718	NA	NA
614	21	heel	tac_n	2	2106	0	0	2040	2676.66631712438	NA	NA
614	22	knife	cuchillo	1	659	0	0	2013.51842265362	890.496210483596	NA	NA
614	23	duck	pato	1	1310	0	0	1288	3040.94566950012	NA	NA
614	24	wave	ola	2	1318	0	0	1288	1645.57339197426	NA	NA
614	25	car	coche	2	953	0	0	928	955.404818135296	NA	NA
614	26	cloud	nube	2	927	0	0	1008	1439.20618326213	NA	NA
614	27	suit	traje	1	1005	0	0	984.000000000001	1376	NA	NA
614	28	scarf	bufanda	1	768	0	0	1077.67905440214	1334.06128382678	NA	NA
614	29	key	llave	1	1858	0	0	1896	869.496779408096	NA	NA
614	30	dress	vestido	2	927	0	0	912	2238.57801200838	NA	NA
614	31	zipper	cremallera	2	1434	0	0	1568	2325.44368986703	NA	NA
614	32	pocket	bolsillo	2	2250	0	0	2232	NA	NA	NA
614	33	bullet	bala	1	1269	0	0	1206.12985740386	NA	NA	NA
614	34	sausage	salchicha	2	1422	0	0	1528	1117.70620217408	NA	NA
614	35	snake	serpiente	1	1695	0	0	1665.14472518915	843.045720793198	NA	NA
614	36	pillow	almohada	1	1400	0	0	1380.64181946576	3296	NA	NA
614	37	dog	perro	1	1304	0	0	1288	964.256256340957	NA	NA
614	38	lock	cerradura	2	1484	0	0	1464	1759.97639823821	NA	NA
614	39	leg	pierna	2	1837	0	0	1816	1130.7239901738	NA	NA
614	40	horse	caballo	2	1001	0	0	961.720368755928	803.825452401034	NA	NA
614	41	chair	silla	2	1071	0	0	1056	1144.7590520826	NA	NA
614	42	sleeve	manga	2	1394	0	0	1376	4482.94167126855	NA	NA
614	43	onion	cebolla	1	1212	0	0	1200	1463.68924780455	NA	NA
614	44	skirt	falda	2	1162	0	0	1129.8836677657	1383.26569325007	NA	NA
614	45	leaf	hoja	1	NA	NA	NA	NA	1391.65320045499	NA	NA
614	46	nurse	enfermera	1	2087	0	0	2048.35099465944	1122.25774932748	NA	NA
615	1	lid	tapa	2	876	0	0	1328	1673.64426248715	NA	NA
615	2	nurse	enfermera	2	848	0	0	840.000000000001	765.797615756187	NA	NA
615	3	frog	rana	2	47	0	0	776	705.601482227236	NA	NA
615	4	coffin	ata퍞d	1	697	0	0	797.320945597857	3807.34639536679	1	NA
615	5	bra	sujetador	2	937	0	0	728.000000000001	796.004987320123	NA	NA
615	6	brick	ladrillo	2	305	0	0	744	672.946105283111	NA	NA
615	7	scarf	bufanda	2	598	0	0	619.438559322034	683.715491429063	NA	NA
615	8	broom	escoba	1	291	0	0	1421.081	1196.25942962761	1	NA
615	9	axe	hacha	1	70	0	0	1136	1875.6642484058	NA	NA
615	10	glove	guante	2	720	0	0	1011.93991164803	1279.04960684609	NA	NA
615	11	bone	hueso	2	763	0	0	752	733.254750277341	NA	NA
615	12	whistle	silbato	2	728	0	0	728.000000000001	756.267524202822	NA	NA
615	13	peach	melocot_n	1	939	0	0	928	1388.654103581	1	NA
615	14	zipper	cremallera	1	809	0	0	800	816	NA	NA
615	15	iron	plancha	2	707	0	0	760	3097.06409896987	NA	NA
615	16	bucket	cubo	1	116	0	0	872	NA	NA	NA
615	17	shovel	pala	1	706	0	0	1457.17195795109	956.939184518703	NA	NA
615	18	basket	canasta	2	1307	0	0	1320	NA	NA	NA
615	19	bowl	cuenco	2	713	0	0	735.448811241049	1098.13913350213	NA	NA
615	20	mop	fregona	1	NA	1	1	NA	3200	NA	NA
615	21	mushroom	hongo	1	1047	0	0	1032	1518.86799757184	NA	NA
615	22	wallet	cartera	2	310	0	0	872	1237.31427947775	1	NA
615	23	lighter	mechero	1	970	0	2	NA	914.098003800225	NA	NA
615	24	pocket	bolsillo	1	686	0	0	NA	2435.61732000782	NA	NA
615	25	ruler	regla	1	296	0	0	4662.34786129348	1906.44182007453	NA	NA
615	26	tray	bandeja	1	763	0	0	1968	1852.07428839018	NA	NA
615	27	whip	l퍠tigo	2	1107	0	0	1160	1036.30310067837	NA	NA
615	28	doll	mu퍔eca	2	25	0	0	890.129147133069	869.408071397236	NA	NA
615	29	bull	toro	1	945	0	0	1251.69443228067	3111.57182498364	NA	NA
615	30	shark	tibur_n	1	188	0	0	737.382315439699	720.000000000001	NA	NA
615	31	turkey	pavo	2	722	0	0	784	1235.0360117469	NA	NA
615	32	snail	caracol	2	102	0	0	622.490116379293	850.709658569963	NA	NA
615	33	bracelet	pulsera	1	403	0	0	1104	953.743845127842	NA	NA
615	34	squirrel	ardilla	2	705	0	0	750.916844830251	1100.67395778013	NA	NA
615	35	ant	hormiga	1	713	0	0	696	1252.40937944284	NA	NA
615	36	fence	alambrada	1	974	0	0	856.000000000001	792.132234981921	NA	NA
615	37	chair	silla	1	502	0	0	856.000000000001	797.74928782993	NA	NA
615	38	seal	foca	1	740	0	0	733.515307042399	982.506172738036	1	1
615	39	swing	columpio	1	798	0	0	712.000000000001	823.417243239115	NA	NA
615	40	sausage	salchicha	1	759	0	0	799.254449796507	881.598817136058	NA	NA
615	41	leaf	hoja	2	826	0	0	584.000000000001	623.454876104772	NA	NA
615	42	onion	cebolla	2	750	0	0	888	NA	NA	NA
615	43	deer	ciervo	1	850	0	0	718.047273453197	829.408237124561	NA	NA
615	44	lightning	rayo	2	711	0	0	704.000000000001	1413.13467495841	NA	NA
615	45	chalk	tiza	2	734	0	0	776	1181.72888324291	NA	NA
615	46	dice	dado	2	647	0	0	640	821.379573835406	NA	NA
616	1	squirrel	ardilla	1	NA	NA	NA	NA	1049.34456409514	NA	NA
616	2	turkey	pavo	1	1083	0	0	1304	1574.2774733497	NA	NA
616	3	iron	plancha	1	950	0	0	936	1766.29133422759	NA	NA
616	4	sausage	salchicha	2	780	0	0	760	1307.32232372147	NA	NA
616	5	bra	sujetador	1	781	0	0	760	921.916229137295	NA	NA
616	6	brick	ladrillo	1	1014	0	0	1000	932.034441292335	NA	NA
616	7	wallet	cartera	1	759	0	0	744	881.486593806709	NA	NA
616	8	lighter	mechero	2	904	0	0	872	2008	NA	NA
616	9	deer	ciervo	2	783	0	0	752	NA	NA	NA
616	10	leaf	hoja	1	NA	NA	NA	NA	780.627519567342	NA	NA
616	11	bone	hueso	1	963	0	0	924.932222708773	768	NA	NA
616	12	bull	toro	2	886	0	0	864.000000000001	1205.7133626821	NA	NA
616	13	skunk	mofeta	1	1022	0	0	977.13683607233	1640	NA	NA
616	14	moustache	bigote	2	957	0	0	936	1287.18440119595	NA	NA
616	15	nurse	enfermera	1	1013	0	0	992	1244.94257422933	NA	NA
616	16	mop	fregona	2	1179	0	0	1160	1460.28452872864	NA	NA
616	17	suit	traje	2	824	0	0	792	1084.95468992733	NA	NA
616	18	basket	canasta	1	537	0	0	960.000000000001	1164.38901640848	NA	NA
616	19	bowl	cuenco	1	1131	0	0	1104	1141.46203671504	NA	NA
616	20	zipper	cremallera	2	1038	0	0	1000	1776.68213077652	NA	NA
616	21	snake	serpiente	1	331	0	0	984.000000000001	629.556020486415	NA	NA
616	22	bracelet	pulsera	2	1405	0	0	1376	1510.95289598841	NA	NA
616	23	shovel	pala	2	643	0	0	608.000000000001	1062.63811494319	NA	NA
616	24	window	ventana	1	2173	0	0	2759.66174410116	984.000000000001	NA	NA
616	25	skull	calavera	1	1035	0	0	1008	621.111254935339	NA	NA
616	26	pencil	l偃piz	2	907	0	0	888	2358.86692748149	NA	NA
616	27	bucket	cubo	2	4211	0	0	4272.96248076434	999.687665652167	NA	NA
616	28	glove	guante	1	1199	0	0	1176	1733.45243410042	NA	NA
616	29	mushroom	hongo	2	695	0	0	672	778.060972651547	NA	NA
616	30	donkey	burro	1	854	0	0	832.000000000001	1020.87574598098	NA	NA
616	31	axe	hacha	2	241	0	0	952.000000000001	1683.84933101019	NA	NA
616	32	whistle	silbato	1	775	0	0	760	999.796122787664	NA	NA
616	33	fence	alambrada	2	735	0	0	704.000000000001	818.182835903164	NA	NA
616	34	ant	hormiga	2	816	0	0	800	2117.80602242094	NA	NA
616	35	chair	silla	2	863	0	0	848.000000000001	658.491947191817	NA	NA
616	36	shark	tibur晏n	2	571	0	0	616	1018.67968070154	NA	NA
616	37	peach	melocot晏n	2	724	0	0	704.000000000001	1056.89267491898	NA	NA
616	38	cage	jaula	1	2491	0	0	2472	7447.97506123352	NA	NA
616	39	tie	corbata	2	1675	0	0	1664	1167.0596084357	NA	NA
616	40	spoon	cuchara	1	686	0	0	710.313256658596	766.784640936279	NA	NA
616	41	scarf	bufanda	1	943	0	0	912	952.000000000001	NA	NA
616	42	raccoon	mapache	2	902	0	0	880	2761.13252157239	NA	NA
616	43	seal	foca	2	707	0	0	800	940.448207792923	NA	NA
616	44	tree	偃rbol	2	1328	0	0	1320	1002.20324051638	NA	NA
616	45	frog	rana	1	771	0	0	652.308130699088	738.686512937091	NA	NA
616	46	garlic	ajo	1	691	0	2	NA	1449.96841929807	NA	NA
617	1	fence	alambrada	1	1410	0	0	1269.09597006852	1889.57021245084	NA	NA
617	2	lighter	mechero	1	1101	0	0	1088	2264.65033189414	NA	1
617	3	wallet	cartera	2	536	0	0	800	NA	1	NA
617	4	moustache	bigote	2	841	0	0	824	1165.24144842459	NA	NA
617	5	garlic	ajo	2	NA	1	1	NA	2114.99651155631	NA	1
617	6	glove	guante	2	NA	1	1	NA	3520.82014944083	NA	NA
617	7	mushroom	hongo	1	1518	0	0	1496	3315.59087529736	NA	NA
617	8	monkey	mono	2	1002	0	0	984.000000000001	1051.29599817569	NA	NA
617	9	spoon	cuchara	2	757	0	0	729.648298645098	1337.79834908563	NA	NA
617	10	whistle	silbato	2	2406	0	0	2345.64355349832	1944.57805549826	NA	NA
617	11	bra	sujetador	2	541	0	0	785.719920405955	946.713992522966	NA	NA
617	12	pencil	l퍠piz	2	792	0	0	784	1073.38619833951	NA	NA
617	13	wave	ola	1	1195	0	0	1317.52206432513	1848	NA	NA
617	14	lock	cerradura	1	2256	0	0	2280	1323.88591393071	NA	NA
617	15	bracelet	pulsera	1	233	0	0	1216	1154.12190489088	NA	NA
617	16	candle	vela	2	874	0	0	1000	1336.88468526273	NA	NA
617	17	knife	cuchillo	1	819	0	0	792	996.182219386968	NA	NA
617	18	bone	hueso	2	1236	0	0	1328	1709.50780210471	NA	NA
617	19	doll	mu퍔eca	2	1103	0	0	1088	NA	NA	1
617	20	heel	tac_n	1	1411	0	0	1488	1738.94779583203	NA	NA
617	21	back	espalda	1	1543	0	0	1504	1523.42007203069	NA	NA
617	22	tree	퍠rbol	2	1166	0	0	1144	1084.30898854439	NA	NA
617	23	cage	jaula	1	2055	0	0	2200	2107.87998083207	NA	NA
617	24	dog	perro	1	750	0	0	728.000000000001	864.000000000001	NA	NA
617	25	car	coche	1	946	0	0	928	712.467102613593	NA	NA
617	26	duck	pato	1	844	0	0	824.39000437896	969.313148861675	NA	NA
617	27	suit	traje	2	625	0	0	808	1404.23088363192	NA	NA
617	28	squirrel	ardilla	2	1277	0	0	1247.82742388336	1891.79209870311	1	NA
617	29	key	llave	2	855	0	0	952.000000000001	928.932628809676	NA	NA
617	30	watch	reloj	1	2049	0	0	NA	1813.01485329455	NA	NA
617	31	zipper	cremallera	1	1004	0	0	1029.34144943589	1339.19156759863	NA	NA
617	32	peach	melocot_n	1	1398	0	0	1376	2148.32216400486	1	NA
617	33	bullet	bala	2	1035	0	0	1201.42332311576	2396.84199616806	NA	NA
617	34	shark	tibur_n	1	1184	0	0	1168	1010.3063240877	NA	NA
617	35	snake	serpiente	2	304	0	0	656	1092.46241266428	NA	NA
617	36	horse	caballo	2	743	0	0	720.000000000001	976.000000000001	NA	NA
617	37	skirt	falda	2	870	0	0	909.464189119571	902.425761846336	NA	NA
617	38	blanket	manta	1	951	0	0	1073.81204600484	1382.13133397445	NA	NA
617	39	waiter	camarero	1	1031	0	0	1156.9527265468	1550.41593359005	NA	NA
617	40	arrow	flecha	1	1621	0	0	1608	5291.85171189622	NA	NA
617	41	chair	silla	1	2958	0	0	2944	997.38698069646	NA	1
617	42	dress	vestido	1	1293	0	0	1280	2143.34212474293	NA	NA
617	43	onion	cebolla	2	449	0	2	NA	1888.93459734284	NA	NA
617	44	leg	pierna	1	2012	0	0	NA	1831.32651035598	NA	NA
617	45	leaf	hoja	2	923	0	0	1192	1662.4461857518	NA	NA
617	46	nurse	enfermera	2	1021	0	0	1000	1050.59459984294	NA	NA
618	1	leaf	hoja	1	895	0	0	1656.65490083664	792	NA	NA
618	2	lid	tapa	1	934	0	0	895.387746131069	1338.74688698207	NA	NA
618	3	frog	rana	1	1145	0	0	1092.87773305514	860.381758534199	NA	NA
618	4	deer	ciervo	2	751	0	0	720.246856541129	1338.40450492128	NA	NA
618	5	bra	sujetador	1	1066	0	0	1032.17582784611	873.433750037576	NA	NA
618	6	brick	ladrillo	1	779	0	0	743.146539692971	740.531439192238	1	NA
618	7	nurse	enfermera	1	1060	0	0	1015.73870310746	991.211663045932	NA	NA
618	8	bracelet	pulsera	2	997	0	0	967.988489731385	1136.10438798577	NA	NA
618	9	ant	hormiga	2	816	0	0	787.425332439546	1186.90321071189	NA	NA
618	10	garlic	ajo	1	1482	0	0	1451.51348634231	1284.01484749021	NA	NA
618	11	bone	hueso	1	1012	0	0	972.637907924357	1080	1	NA
618	12	whip	l치tigo	1	1762	0	0	1735.01106608472	3446.22641304914	NA	NA
618	13	pocket	bolsillo	2	1043	0	0	1007.94956868504	1287.49338942841	NA	NA
618	14	lightning	rayo	1	1746	0	0	1699.12997541077	1928	NA	NA
618	15	glove	guante	1	1282	0	0	1239.29780510199	1188.86648127153	NA	NA
618	16	broom	escoba	2	778	0	0	742.010820549029	970.729523769827	1	NA
618	17	swing	columpio	2	654	0	0	624.621285667175	1224.13242936399	NA	NA
618	18	basket	canasta	1	1342	0	0	1298.43685833439	1398.00514132161	NA	NA
618	19	bowl	cuenco	1	1108	0	0	1073.59490829597	1127.70686262556	NA	NA
618	20	mushroom	hongo	2	1020	0	0	986.498464981627	1279.77963932028	NA	NA
618	21	peach	melocot칩n	2	761	0	0	719.098574666814	1428.45073898831	1	NA
618	22	turkey	pavo	1	1007	0	0	971.558479476126	1540.93961660276	NA	NA
618	23	mop	fregona	2	1157	0	0	1113.61227794534	1540.5186484217	NA	NA
618	24	ruler	regla	2	778	0	0	922.304845501717	2792.39487587041	NA	NA
618	25	sausage	salchicha	2	593	0	0	945.08566589695	1041.19749663471	NA	NA
618	26	zipper	cremallera	2	723	0	0	733.573980739471	1270.05582246049	NA	NA
618	27	wallet	cartera	1	489	0	0	1190.62930445381	834.936051634224	1	NA
618	28	doll	mu침eca	1	1124	0	0	1084.82260697616	1061.08103158729	1	NA
618	29	bucket	cubo	2	830	0	0	785.585617212761	1556.05112213623	NA	NA
618	30	shovel	pala	2	420	0	0	798.751600234968	1033.95249610519	NA	NA
618	31	squirrel	ardilla	1	878	0	0	834.95811394378	1220.07775196302	1	NA
618	32	scarf	bufanda	1	1177	0	0	1137.22223854521	877.191514553174	NA	NA
618	33	axe	hacha	2	915	0	0	880.062906212401	1603.50742528687	1	NA
618	34	snail	caracol	1	1690	0	0	1660.50803519672	1416.37485619387	NA	NA
618	35	whistle	silbato	1	1356	0	0	1315.54512278413	1082.93172843104	1	NA
618	36	lighter	mechero	2	784	0	0	881.142334660631	1230.13209006145	NA	NA
618	37	chair	silla	2	862	0	0	850.542664153819	935.157968617267	NA	NA
618	38	shark	tibur칩n	2	713	0	0	686.850045798504	1241.43156187282	1	NA
618	39	tray	bandeja	2	243	0	0	922.486280319224	1527.44979954147	1	NA
618	40	seal	foca	2	721	0	0	703.701740639468	1776.60132400964	1	NA
618	41	iron	plancha	1	1185	0	0	1149.57164409315	1320	NA	NA
618	42	arrow	flecha	2	848	0	0	810.77872343064	885.005798650078	NA	NA
618	43	fence	alambrada	2	698	0	0	643.907251108938	828.151007154782	NA	NA
618	44	donkey	burro	2	888	0	2	NA	1203.6833653793	NA	NA
618	45	chalk	tiza	1	1620	0	0	1577.54787085779	4354.69767636351	NA	NA
618	46	dice	dado	1	1036	0	0	1002.22700340902	1590.69739093579	NA	NA
619	1	lid	tapa	2	4694	0	0	4653.20490544245	1712	NA	NA
619	2	nurse	enfermera	2	1014	0	0	978.543489062304	1120.47515111898	NA	NA
619	3	frog	rana	2	842	0	0	754.783744788757	841.753052951221	NA	NA
619	4	deer	ciervo	1	2816	0	0	2781.78391563984	1583.97503530403	NA	NA
619	5	bra	sujetador	2	977	0	0	944	1176	NA	NA
619	6	brick	ladrillo	2	945	0	0	920	1781.04124398149	NA	NA
619	7	scarf	bufanda	2	1409	0	0	1368	1405.59551438399	NA	NA
619	8	broom	escoba	1	3722	0	0	3696	4242.16500003906	NA	NA
619	9	axe	hacha	1	2538	0	0	2520	NA	NA	NA
619	10	glove	guante	2	1236	0	0	1210.4518037109	1220.86907598119	NA	NA
619	11	bone	hueso	2	855	0	0	770.378444751456	1578.47282720656	NA	NA
619	12	whistle	silbato	2	925	0	0	889.756340578691	1200	NA	NA
619	13	sausage	salchicha	1	1420	0	0	1376	1942.60637743831	NA	NA
619	14	moustache	bigote	1	1544	0	0	1512	1536	NA	NA
619	15	iron	plancha	2	1302	0	0	1273.38645884518	1106.03652877471	NA	NA
619	16	bucket	cubo	1	1352	0	0	1328	1040	NA	NA
619	17	arrow	flecha	2	1595	0	0	1566.92833480072	1089.19756957849	NA	NA
619	18	basket	canasta	2	1617	0	0	1592	1392.12611421117	NA	NA
619	19	bowl	cuenco	2	1320	0	0	1290.93252891952	1997.53705115522	NA	NA
619	20	peach	melocot칩n	1	1620	0	0	1589.14777099469	2484.55162176495	NA	NA
619	21	pocket	bolsillo	1	2216	0	0	2184.24531760762	1600.4809742755	NA	NA
619	22	wallet	cartera	2	849	0	0	824	1119.67155116936	NA	NA
619	23	mushroom	hongo	1	1248	0	0	1219.40126286807	2549.35355539095	NA	NA
619	24	seal	foca	1	1098	0	0	1064	2431.62057295131	NA	NA
619	25	shark	tibur칩n	1	1263	0	0	1193.9580840879	1426.77375152576	NA	NA
619	26	donkey	burro	1	1155	0	0	1136	1664	NA	NA
619	27	whip	l치tigo	2	973	0	0	935.678382263127	2752	NA	NA
619	28	drill	taladro	2	1448	0	0	1408	1986.78197402035	NA	NA
619	29	chair	silla	1	1146	0	0	1127.68921580422	1221.345645614	NA	NA
619	30	zipper	cremallera	1	1453	0	0	1424	1894.17019016547	NA	NA
619	31	turkey	pavo	2	616	0	0	1520	2919.07585480096	NA	NA
619	32	snail	caracol	2	1212	0	0	1147.67489561045	1576.22597299945	NA	NA
619	33	bracelet	pulsera	1	2621	0	0	2600	4320	NA	NA
619	34	squirrel	ardilla	2	1261	0	0	1208	1775.81423089694	NA	NA
619	35	ant	hormiga	1	1249	0	0	1232	2391.58576599939	NA	NA
619	36	lighter	mechero	1	1485	0	0	1448	1752	NA	NA
619	37	coffin	ata칰d	1	1363	0	0	1344	2905.057	NA	NA
619	38	swing	columpio	1	1719	0	0	1680	2193.7781641558	NA	NA
619	39	onion	cebolla	2	2545	0	0	2518.96048963093	2214.63685879042	NA	NA
619	40	shovel	pala	1	NA	NA	NA	NA	2008.26030096238	NA	NA
619	41	leaf	hoja	2	1404	0	0	1384	2039.52250357126	NA	NA
619	42	painting	cuadro	1	2137	0	0	2107.39220888965	2018.48330067413	NA	NA
619	43	fence	alambrada	1	1280	0	0	1119.09028256544	2296.69928082693	NA	NA
619	44	sleeve	manga	1	1373	0	0	1344	2088.85879893031	NA	NA
619	45	dice	dado	2	1280	0	0	1256	2571.1315504557	NA	NA
619	46	doll	mu침eca	2	1510	0	0	1480	3644.93481358792	NA	NA
620	1	leaf	hoja	1	1982	0	0	1952.01086469141	1304	NA	NA
620	2	lid	tapa	1	1200	0	0	1184	2089.4005954781	NA	NA
620	3	drill	taladro	1	NA	1	4	NA	7057.38656299652	NA	NA
620	4	chair	silla	2	1266	0	0	1248	1790.0465627226	NA	NA
620	5	bra	sujetador	1	1100	0	0	1069.99565522263	1176	NA	NA
620	6	brick	ladrillo	1	3695	0	0	3664	1421.6040938929	NA	NA
620	7	nurse	enfermera	1	2924	0	0	2904	1178.4738240979	NA	NA
620	8	bracelet	pulsera	2	1362	0	0	1336	1777.35169915275	NA	NA
620	9	ant	hormiga	2	984	0	0	952.000000000001	1136.65229146877	NA	NA
620	10	frog	rana	1	1317	0	0	1133.81280248982	1023.84269412388	NA	NA
620	11	bone	hueso	1	1209	0	0	1184	995.747951438138	NA	NA
620	12	whip	l치tigo	1	1548	0	0	1528	1504	NA	NA
620	13	mushroom	hongo	2	1053	0	0	1026.31203789448	1130.67076536729	NA	NA
620	14	tray	bandeja	2	1357	0	0	1344	1867.77577434505	NA	NA
620	15	garlic	ajo	1	1130	0	2	NA	1704	NA	NA
620	16	broom	escoba	2	754	0	5	NA	1112.40489910956	NA	NA
620	17	shark	tibur칩n	2	871	0	0	832.000000000001	1299.05631158264	NA	NA
620	18	basket	canasta	1	2517	0	0	2504	1888	NA	NA
620	19	bowl	cuenco	1	1199	0	0	1176	2664	NA	NA
620	20	lighter	mechero	2	1846	0	0	1816	2526.60148896917	NA	NA
620	21	mop	fregona	2	1573	0	0	1552	1842.56034000523	NA	NA
620	22	turkey	pavo	1	888	0	0	880	1092.04892881583	NA	NA
620	23	fence	alambrada	2	1004	0	0	854.805883852575	1424.30414030566	NA	NA
620	24	peach	melocot칩n	2	1340	0	0	1289.65370148225	NA	NA	NA
620	25	pocket	bolsillo	2	1296	0	5	1272	2843.28594109893	NA	NA
620	26	swing	columpio	2	1029	0	0	1008	2208.7604326785	NA	NA
620	27	wallet	cartera	1	1292	0	0	1264	1312	NA	NA
620	28	doll	mu침eca	1	1027	0	0	992.6235468117	1281.44978034915	NA	NA
620	29	bucket	cubo	2	1118	0	0	1096	1235.88483409468	NA	NA
620	30	seal	foca	2	736	0	0	904	1009.23049649674	NA	NA
620	31	squirrel	ardilla	1	892	0	0	856.000000000001	980.28304609596	NA	NA
620	32	scarf	bufanda	1	1790	0	0	1768	1468.17771731219	NA	NA
620	33	axe	hacha	2	1194	0	0	1168	1524.84400965735	NA	NA
620	34	snail	caracol	1	751	0	0	720.000000000001	740.974219113775	NA	NA
620	35	whistle	silbato	1	1509	0	0	1480	1904.88283948168	NA	NA
620	36	deer	ciervo	2	1127	0	0	1104	3524.02674205793	NA	NA
620	37	bull	toro	2	1046	0	5	1004.697	1332.07598095562	NA	NA
620	38	sausage	salchicha	2	801	0	0	776	969.611280499805	NA	NA
620	39	shovel	pala	2	930	0	0	858.058586774059	2147.83414713457	NA	NA
620	40	ruler	regla	2	1233	0	0	1150.15100427772	1848	NA	NA
620	41	glove	guante	1	1438	0	0	1413.61003343483	1144	NA	NA
620	42	moustache	bigote	1	992	0	0	950.749188325065	1568	NA	NA
620	43	coffin	ata칰d	2	817	0	0	793.723201928008	1270.01895705375	NA	NA
620	44	zipper	cremallera	2	3310	0	0	3232.35643321774	3169.05961262026	NA	NA
620	45	chalk	tiza	1	1400	0	0	1359.45877912762	1897.49211659602	NA	NA
620	46	dice	dado	1	1337	0	0	1276.19248037115	2093.45554518877	NA	NA
622	1	turkey	pavo	1	1891	0	0	2077.28717824193	2661.18572395805	NA	NA
622	2	wallet	cartera	1	1380	0	0	1358.71571789322	760	NA	NA
622	3	nurse	enfermera	1	785	0	0	758.596601563871	1087.80554459592	NA	NA
622	4	seal	foca	2	713	0	0	689.610796561565	1595.33882365513	NA	NA
622	5	brick	ladrillo	1	701	0	0	706.230980561502	760	NA	NA
622	6	dice	dado	1	9144	0	0	9235.60225608861	1184	NA	NA
622	7	whip	l치tigo	1	1250	0	0	1386.34540198776	4016	NA	NA
622	8	mop	fregona	2	836	0	0	808	1488	NA	NA
622	9	coffin	ata칰d	2	NA	1	1	NA	1077.96476239106	NA	NA
622	10	scarf	bufanda	1	922	0	0	888	1144.15037034443	NA	NA
622	11	bone	hueso	1	1062	0	0	1040	736	NA	NA
622	12	bucket	cubo	2	901	0	0	873.830537795643	944	NA	NA
622	13	snake	serpiente	1	1112	0	0	1200	997.498306020413	NA	NA
622	14	moustache	bigote	2	895	0	0	880	4612.59846858171	NA	NA
622	15	snail	caracol	1	817	0	0	800	777.869667401195	NA	NA
622	16	mushroom	hongo	2	959	0	0	936	810.560089409806	NA	NA
622	17	donkey	burro	2	702	0	0	673.680325809974	817.551948562828	NA	NA
622	18	basket	canasta	1	947	0	0	923.584393823334	996.454396979782	NA	NA
622	19	bra	sujetador	1	730	0	0	698.675381507238	800	NA	NA
622	20	zipper	cremallera	2	920	0	0	984.000000000001	807.980382631324	NA	NA
622	21	suit	traje	1	989	0	0	976.000000000001	858.478670481422	NA	NA
622	22	bracelet	pulsera	2	822	0	0	816	987.154550071693	NA	NA
622	23	tray	bandeja	2	1009	0	0	1000	1029.6576011915	NA	NA
622	24	window	ventana	1	1153	0	0	1126.0331418941	1019.81836510702	NA	NA
622	25	skull	calavera	1	1021	0	0	976.769287468767	645.859468019435	NA	NA
622	26	candle	vela	2	894	0	0	880	798.796551145955	NA	NA
622	27	broom	escoba	2	694	0	0	667.114712954166	1141.3334527598	NA	NA
622	28	lid	tapa	1	412	0	6	1609.63339764172	3510.77822162743	NA	NA
622	29	peach	melocot칩n	2	1098	0	0	1066.32988646623	4138.1127681851	NA	NA
622	30	pencil	l치piz	1	1171	0	0	1155.2655519127	3324.040702142	NA	NA
622	31	axe	hacha	2	660	0	0	897.263259615437	1592.49066823351	NA	NA
622	32	whistle	silbato	1	NA	NA	NA	NA	761.947461102328	NA	NA
622	33	deer	ciervo	2	958	0	0	926.142810811952	1764.78965198844	NA	NA
622	34	ant	hormiga	2	879	0	0	856.11367162513	769.987628401342	NA	NA
622	35	chair	silla	2	882	0	0	864.000000000001	770.21026973714	NA	NA
622	36	swing	columpio	2	820	0	0	792	1570.09311827957	NA	NA
622	37	pocket	bolsillo	2	1001	0	0	984.000000000001	1695.10870020054	NA	NA
622	38	tie	corbata	1	2634	0	0	2603.49951891198	1036.83675973168	NA	NA
622	39	lock	cerradura	2	1797	0	0	1776	822.427114351182	NA	NA
622	40	skunk	mofeta	1	958	0	0	944	6824.47234829897	NA	NA
622	41	squirrel	ardilla	1	1097	0	0	1178.27453830036	1421.41973325686	NA	NA
622	42	spoon	cuchara	2	817	0	0	774.716076608931	589.035029521557	NA	NA
622	43	shark	tibur칩n	2	745	0	0	712.000000000001	730.207191864475	NA	NA
622	44	waiter	camarero	2	946	0	0	920	776	NA	NA
622	45	frog	rana	1	1173	0	0	1148.19923010201	791.623887145624	NA	NA
622	46	leaf	hoja	1	924	0	0	896	661.948096855261	NA	NA
623	1	nurse	enfermera	2	597	0	0	967.362513298223	678.557416635627	NA	NA
623	2	snail	caracol	2	701	0	0	672.006723275865	3449.01594517031	NA	NA
623	3	garlic	ajo	2	1079	0	0	1047.78841285404	1052.55836553435	NA	NA
623	4	mushroom	hongo	1	1036	0	0	1001.78263390411	1451.11100515846	NA	NA
623	5	brick	ladrillo	2	311	0	0	629.560017110215	504	NA	NA
623	6	chalk	tiza	2	739	0	0	840.000000000001	NA	NA	NA
623	7	turkey	pavo	2	400	0	0	1652.13345179343	1611.86338696894	NA	NA
623	8	coffin	ata?	1	986	0	0	619.016168722507	979.162159961041	1	NA
623	9	bucket	cubo	1	873	0	0	1172.06864329341	824.238575369111	NA	NA
623	10	glove	guante	2	219	0	0	613.086921128986	776.39053694555	NA	NA
623	11	bowl	cuenco	2	627	0	0	587.332037687411	940.803489196198	NA	NA
623	12	bracelet	pulsera	1	468	0	0	1104.94544511868	765.533105550948	NA	NA
623	13	shovel	pala	1	1146	0	7	NA	687.159265959596	NA	NA
623	14	moustache	bigote	1	224	0	0	781.417345772148	910.987969713373	NA	NA
623	15	iron	plancha	2	677	0	0	634.310274211811	1311.60292339794	NA	NA
623	16	deer	ciervo	1	905	0	0	877.8849847362	748.286194736111	NA	NA
623	17	skirt	falda	2	656	0	0	632.448429498318	1111.63408311731	NA	NA
623	18	bone	hueso	2	907	0	0	542.663768959407	766.735293401114	NA	NA
623	19	bra	sujetador	2	490	0	0	497.323315607048	NA	NA	NA
623	20	seal	foca	1	317	0	0	595.866191228831	813.785271359021	NA	NA
623	21	shark	tibur?	1	630	0	0	605.755383616174	965.938892833768	NA	NA
623	22	ant	hormiga	1	1091	0	0	1048.6023506985	1371.23775112931	NA	NA
623	23	sausage	salchicha	1	1011	0	0	980.229285421799	652.470877227484	NA	NA
623	24	swing	columpio	1	1005	0	0	851.693409923019	1232.84351466272	NA	NA
623	25	zipper	cremallera	1	603	0	0	569.55039181954	879.87695078934	NA	NA
623	26	donkey	burro	1	103	0	0	2495.6093140184	985.511499829148	NA	NA
623	27	axe	hacha	1	426	0	0	806.594546736103	1140.83224603473	NA	NA
623	28	frog	rana	2	845	0	0	580.41813869404	698.466922626621	NA	NA
623	29	fence	alambrada	1	465	0	0	937.847358953507	813.612671680195	NA	NA
623	30	onion	cebolla	2	885	0	0	841.154896333918	1020.98056097738	NA	NA
623	31	whistle	silbato	2	763	0	0	728.4092625948	728.000000000001	NA	NA
623	32	wallet	cartera	2	727	0	0	704.168699843241	720.000000000001	1	NA
623	33	chair	silla	1	549	0	0	540.128977507472	774.666997915421	NA	NA
623	34	whip	l?igo	2	182	0	0	887.939555880329	1490.63051965977	NA	NA
623	35	broom	escoba	1	1028	0	0	994.845109374054	1037.35913192885	1	NA
623	36	pocket	bolsillo	1	223	0	0	810.543821932713	846.982298428868	NA	NA
623	37	lighter	mechero	1	474	0	0	608.000000000001	1016.41288240994	NA	NA
623	38	chest	pecho	2	635	0	0	627.679881658644	1140.86772923907	NA	NA
623	39	scar	cicatriz	2	1152	0	0	1115.82538581857	1382.84766478189	NA	NA
623	40	waiter	camarero	2	816	0	0	774.026363360584	1694.35562581047	NA	NA
623	41	leaf	hoja	2	638	0	0	599.537294783843	640	NA	NA
623	42	sleeve	manga	1	639	0	0	1042.56640713286	1049.68350559373	NA	NA
623	43	peach	melocot?	1	1080	0	0	1027.53218254708	NA	NA	NA
623	44	pigeon	paloma	1	1081	0	0	1162.13829674539	842.668705283327	NA	NA
623	45	dice	dado	2	NA	1	1	NA	2149.98689483689	NA	NA
623	46	doll	mu?ca	2	925	0	0	606.698880855349	646.32245013093	NA	NA
624	1	leaf	hoja	1	947	0	0	909.652186206732	826.278076216765	NA	NA
624	2	lid	tapa	1	973	0	0	933.533793223516	1176	1	NA
624	3	frog	rana	1	943	0	0	909.263508022581	791.364511230453	NA	NA
624	4	deer	ciervo	2	733	0	0	855.005557743256	914.188014069554	NA	NA
624	5	bra	sujetador	1	NA	1	1	NA	905.172669651948	1	NA
624	6	brick	ladrillo	1	717	0	0	826.939944391198	742.215764126867	1	NA
624	7	nurse	enfermera	1	1551	0	0	1523.09686733977	741.654191484054	NA	NA
624	8	bucket	cubo	2	621	0	0	831.443276528746	940.03995444606	NA	NA
624	9	bracelet	pulsera	2	989	0	0	1722.98186362331	2563.67744551909	NA	NA
624	10	garlic	ajo	1	1061	0	0	1023.87174858928	920.735665337602	NA	NA
624	11	bone	hueso	1	951	0	0	989.393707312813	640.962315261558	1	NA
624	12	ant	hormiga	2	781	0	0	741.728730485798	696	1	NA
624	13	pocket	bolsillo	2	898	0	0	860.357674324253	967.763035778276	1	NA
624	14	root	ra칤z	1	932	0	0	897.292982064813	1265.94431813185	NA	NA
624	15	glove	guante	1	792	0	0	762.032973980219	1228.73722575241	1	NA
624	16	bull	toro	2	1268	0	0	1242.79283052719	1268.55604123749	1	NA
624	17	tray	bandeja	2	1106	0	0	1091.83784494375	1245.74804472975	1	NA
624	18	basket	canasta	1	1199	0	0	1164.97869594604	992.050549702993	1	NA
624	19	bowl	cuenco	1	842	0	0	812.7181334217	984.000000000001	1	NA
624	20	mushroom	hongo	2	803	0	0	778.317065667978	627.358322572303	NA	NA
624	21	peach	melocot칩n	2	1243	0	0	1209.35812343524	1269.30108579315	1	NA
624	22	wallet	cartera	1	827	0	0	798.87433103914	952.000000000001	1	NA
624	23	mop	fregona	2	1002	0	0	968.801384693669	1333.08066084925	NA	NA
624	24	sausage	salchicha	2	838	0	0	807.30864763522	918.325112061556	NA	NA
624	25	seal	foca	2	673	0	0	14230.8325475579	1066.44699285969	1	1
624	26	arrow	flecha	1	540	0	0	961.816609090247	882.333244842788	1	NA
624	27	whip	l치tigo	1	520	0	0	688.968334386585	1077.01827299438	NA	NA
624	28	drill	taladro	1	546	0	0	1448.7008144369	2485.12264177214	1	NA
624	29	chair	silla	2	740	0	0	752	1560.51956167052	NA	NA
624	30	swing	columpio	2	932	0	0	901.133711848653	1527.71921231174	NA	NA
624	31	turkey	pavo	1	890	0	0	866.575211691488	847.161457067882	NA	NA
624	32	scarf	bufanda	1	2074	0	0	2053.31792810519	1499.78458137694	1	NA
624	33	broom	escoba	2	1224	0	0	1169.85851244236	1124.73436633143	1	NA
624	34	snail	caracol	1	NA	NA	NA	NA	674.142379377172	NA	1
624	35	axe	hacha	2	863	0	0	831.93788857093	990.471521254821	1	NA
624	36	lighter	mechero	2	976	0	0	957.67985382834	1379.92064170759	1	NA
624	37	coffin	ata칰d	2	837	0	0	807.820788301396	768.904604681223	1	NA
624	38	shovel	pala	2	1160	0	0	1134.31960835739	796.369463224845	1	NA
624	39	zipper	cremallera	2	876	0	0	842.947388665532	1024.89043113656	NA	NA
624	40	shark	tibur칩n	2	682	0	0	662.541266320655	1489.44055959805	1	NA
624	41	iron	plancha	1	2292	0	5	2271.80308078558	NA	NA	NA
624	42	moustache	bigote	2	774	0	0	740.455999961225	800	1	NA
624	43	fence	alambrada	2	894	0	0	862.396540154821	744	1	NA
624	44	lightning	rayo	1	1450	0	0	1414.26392732111	1398.24552425958	NA	NA
624	45	dice	dado	1	4618	0	0	4592.95794985859	884.897338132751	1	NA
624	46	doll	mu침eca	1	1022	0	0	989.941667341057	822.387613741782	1	NA
625	1	snail	caracol	2	921	0	0	893.349803780895	3544.03254088942	NA	NA
625	2	turkey	pavo	2	834	0	0	1042.86744219706	1680.92375767268	NA	NA
625	3	glove	guante	2	704	0	0	670.250812420406	1176	NA	NA
625	4	shark	tibur칩n	1	1360	0	0	1326.95461333538	827.696890437988	NA	NA
625	5	brick	ladrillo	2	975	0	0	955.628242707292	1081.81687738322	NA	NA
625	6	doll	mu침eca	2	916	0	0	887.597366655458	960.000000000001	NA	NA
625	7	wallet	cartera	2	741	0	0	710.150533308735	1209.4301741025	NA	NA
625	8	mushroom	hongo	1	1170	0	0	1137.17220138342	829.4062448996	NA	NA
625	9	fence	alambrada	1	383	0	0	1144.57461550628	878.883984703563	NA	NA
625	10	leaf	hoja	2	799	0	0	761.555128447939	812.996328110478	NA	NA
625	11	bowl	cuenco	2	787	0	0	751.18275572971	1264	NA	NA
625	12	coffin	ata칰d	1	1741	0	0	1720	1628.23612613834	NA	NA
625	13	skunk	mofeta	2	817	0	0	787.688020476454	2607.24462563026	NA	NA
625	14	dress	vestido	1	1270	0	0	1264	1710.86139486851	NA	NA
625	15	lid	tapa	2	1611	0	0	1574.75600858389	8300.49852514776	NA	NA
625	16	pocket	bolsillo	1	1981	0	0	1946.22337031799	1677.17742163402	NA	NA
625	17	suit	traje	1	2182	0	0	2156.01508761287	906.993528910025	NA	NA
625	18	bone	hueso	2	665	0	0	633.532155729422	1027.94878653728	NA	NA
625	19	bra	sujetador	2	471	0	0	749.596796315556	898.975152083629	NA	NA
625	20	waiter	camarero	2	1257	0	0	1220.88586110871	4048	NA	NA
625	21	snake	serpiente	2	769	0	0	2096	679.703505520448	NA	NA
625	22	bucket	cubo	1	1530	0	0	1501.02528127859	1493.39021269166	NA	NA
625	23	zipper	cremallera	1	4909	0	5	4873.93264706735	1632	NA	NA
625	24	pencil	l치piz	2	493	0	0	852.530211190074	1601.16689554064	NA	NA
625	25	skirt	falda	2	1881	0	0	1857.69391167966	3485.03532500859	NA	NA
625	26	blanket	manta	1	4362	0	0	4902.32292102029	2367.57711220931	NA	NA
625	27	chair	silla	1	1369	0	0	1352	912.858810835539	NA	NA
625	28	garlic	ajo	2	1682	0	0	1656	1320	NA	NA
625	29	sausage	salchicha	1	NA	NA	NA	NA	2103.94800462856	NA	NA
625	30	watch	reloj	2	1017	0	0	977.665533634574	1140.83224603473	NA	NA
625	31	bracelet	pulsera	1	NA	1	1	NA	1103.89951966742	NA	NA
625	32	ant	hormiga	1	4224	0	0	5759.24247573238	3229.97810844667	NA	NA
625	33	lighter	mechero	1	1198	0	0	1170.01169737376	1496	NA	NA
625	34	axe	hacha	1	2142	0	0	2111.51829455434	1356.45529560799	NA	NA
625	35	deer	ciervo	1	1135	0	0	1099.90024986559	1450.57026635859	NA	NA
625	36	swing	columpio	1	1765	0	0	1728	1097.26595094099	NA	NA
625	37	seal	foca	1	1600	0	0	1576	1192.72809744083	NA	NA
625	38	pillow	almohada	2	918	0	0	898.660214736121	927.86591627638	NA	NA
625	39	donkey	burro	1	1322	0	0	1286.63649181352	2164.34781428976	NA	NA
625	40	scar	cicatriz	2	2248	0	0	2206.4533220903	1933.16440121594	NA	NA
625	41	nurse	enfermera	2	1118	0	0	1082.99122462684	1690.54768125426	NA	NA
625	42	spoon	cuchara	1	1269	0	0	1245.40993030047	811.066382539917	NA	NA
625	43	shovel	pala	1	1474	0	0	1448	1361.1354341288	NA	NA
625	44	moustache	bigote	1	1340	0	0	1307.85374798365	1032	NA	NA
625	45	drill	taladro	2	1508	0	0	1530.95883625684	2136.07415379949	NA	NA
625	46	frog	rana	2	849	0	0	771.681338316206	1306.19896892415	NA	NA
626	1	wallet	cartera	1	1328	0	0	1301.44132005925	1284.54154087558	NA	NA
626	2	whistle	silbato	1	976	0	0	949.445973237029	2681.21738009108	NA	NA
626	3	leaf	hoja	1	1087	0	0	1193.83385949179	871.586482838299	NA	NA
626	4	zipper	cremallera	2	635	0	0	1203.65293738317	1341.59149414208	NA	NA
626	5	brick	ladrillo	1	746	0	0	816.18956308603	917.719477964148	NA	NA
626	6	doll	mu침eca	1	774	0	0	954.844789426297	1305.33559254751	NA	NA
626	7	ant	hormiga	2	1362	0	0	1334.4103754443	4316.68583090787	NA	NA
626	8	sausage	salchicha	2	354	0	0	816	1198.67661025696	NA	NA
626	9	peach	melocot칩n	2	683	0	0	1259.1592305363	1875.71931432918	NA	NA
626	10	nurse	enfermera	1	11224	0	0	11237.5601201691	1071.47103607974	NA	NA
626	11	bowl	cuenco	1	1227	0	0	1193.89863918915	1252.24343265236	NA	NA
626	12	lighter	mechero	2	713	0	0	688	1161.72507425022	NA	NA
626	13	spoon	cuchara	1	1153	0	0	1126.43401390364	1258.48447083172	NA	NA
626	14	moustache	bigote	2	1333	0	0	1300.79885788427	965.860958990812	NA	NA
626	15	scarf	bufanda	1	985	0	0	948.002529157064	1290.39686434647	NA	NA
626	16	seal	foca	2	618	0	0	702.653617039138	1230.62630304799	NA	NA
626	17	horse	caballo	2	755	0	0	714.493821488103	1178.28386847103	NA	NA
626	18	bone	hueso	1	808	0	0	771.680576202119	2002.95624448112	NA	NA
626	19	bra	sujetador	1	859	0	0	892.383443119124	1097.92209469464	NA	NA
626	20	straw	paja	1	5379	0	0	5488.48620419635	10887.9066745241	NA	NA
626	21	tie	corbata	1	NA	NA	NA	NA	1371.08232207711	NA	NA
626	22	deer	ciervo	2	828	0	0	945.597297099846	2397.82166251593	NA	NA
626	23	pencil	l치piz	1	964	0	0	1094.64318689642	995.547711642408	NA	NA
626	24	cage	jaula	1	1132	0	0	1416.08537998801	1970.87060219888	NA	NA
626	25	monkey	mono	1	1110	0	0	1078.458932154	1136.14279050589	NA	NA
626	26	suit	traje	2	733	0	0	712.000000000001	1045.58031036731	NA	NA
626	27	fence	alambrada	2	579	0	0	784	1936.59895488229	NA	NA
626	28	glove	guante	1	1937	0	0	1912	5274.1456974845	NA	NA
626	29	shark	tibur칩n	2	833	0	0	816	1933.9244735358	NA	NA
626	30	rope	soga	2	1279	0	0	1315.70352307533	8989.39285293053	NA	NA
626	31	chair	silla	2	495	0	0	1016	2517.08550322156	NA	NA
626	32	bracelet	pulsera	2	857	0	0	980.376373440507	1755.46570835458	NA	NA
626	33	pocket	bolsillo	2	1200	0	0	1169.97664012578	1582.81244279817	NA	NA
626	34	broom	escoba	2	883	0	0	857.056406750219	1345.26765488726	NA	NA
626	35	mushroom	hongo	2	956	0	0	916.795481540161	1222.80737833706	NA	NA
626	36	snake	serpiente	1	1064	0	0	1080	833.188546609648	NA	NA
626	37	swing	columpio	2	1606	0	0	1576	3047.9996827532	NA	NA
626	38	heel	tac칩n	2	824	0	0	741.752356022482	1451.27782068923	NA	NA
626	39	skull	calavera	2	711	0	0	819.855331842436	1464.26971517612	NA	NA
626	40	parrot	loro	1	1379	0	0	1359.81163794971	1726.52828732099	NA	NA
626	41	squirrel	ardilla	1	1023	0	0	998.411041185119	15094.4003448492	NA	NA
626	42	waiter	camarero	2	823	0	0	793.628699781273	998.201443209527	NA	NA
626	43	tree	치rbol	1	1237	0	0	1224	1256.44366948481	NA	NA
626	44	onion	cebolla	2	560	0	0	1115.69506430977	1667.45036310405	NA	NA
626	45	frog	rana	1	825	0	0	1448	817.276717975555	NA	NA
626	46	garlic	ajo	1	1271	0	0	1252.62943704256	4090.55802761753	NA	NA
627	1	coffin	ata칰d	1	1980	0	0	1960	2560.25963043219	NA	NA
627	2	fence	alambrada	1	1275	0	0	1453.9843616459	1307.69270701999	NA	NA
627	3	scarf	bufanda	2	1192	0	0	1096	2098.62624427672	NA	NA
627	4	waiter	camarero	2	1149	0	0	1120	NA	NA	NA
627	5	doll	mu침eca	2	1010	0	0	992	2025.96663172776	NA	NA
627	6	frog	rana	2	1101	0	0	943.944091207396	1328.83479449894	NA	NA
627	7	lighter	mechero	1	1283	0	0	1256	1909.92745158451	NA	NA
627	8	snake	serpiente	2	847	0	0	764.21160097628	1092.60060676173	NA	NA
627	9	knife	cuchillo	2	906	0	0	872.774307906684	862.398345051193	NA	NA
627	10	wallet	cartera	2	1102	0	0	1080	1485.0970028554	NA	NA
627	11	bra	sujetador	2	880	0	0	856.874047176742	1411.52544651021	NA	NA
627	12	swing	columpio	1	6245	0	0	6288	6983.03020784948	NA	NA
627	13	dog	perro	1	1044	0	0	1032	942.167051027828	NA	NA
627	14	rope	soga	1	985	0	0	952.000000000001	1965.79253655002	NA	NA
627	15	bucket	cubo	1	1201	0	0	1184	1042.35303738012	NA	NA
627	16	chest	pecho	2	867	0	0	848.000000000001	1365.52512309276	NA	NA
627	17	car	coche	1	1619	0	0	1600	1158.20934728123	NA	NA
627	18	bowl	cuenco	2	2312	0	0	2240	3575.23221935993	NA	NA
627	19	dice	dado	2	1036	0	0	1024	1703.23388018276	NA	NA
627	20	pillow	almohada	2	832	0	0	816	1076.8504459776	NA	NA
627	21	lightning	rayo	2	1397	0	0	1368	3080.16406644728	NA	NA
627	22	seal	foca	1	1725	0	0	1696.58831890096	1125.80909581375	NA	NA
627	23	duck	pato	2	941	0	0	928	1333.50915854834	NA	NA
627	24	heel	tac칩n	1	1829	0	0	1800	1683.980032051	NA	NA
627	25	dress	vestido	1	1349	0	0	1230.7535183014	1295.71226488694	NA	NA
627	26	moustache	bigote	1	1213	0	0	1192	1147.10687287364	NA	NA
627	27	shark	tibur칩n	1	1288	0	0	1241.3866876925	1614.87138902816	NA	NA
627	28	leaf	hoja	2	1982	0	0	1928	2006.02770065958	NA	NA
627	29	onion	cebolla	2	879	0	0	849.988231936226	1317.81953636691	NA	NA
627	30	arrow	flecha	1	1230	0	0	1202.09894432154	3646.49777483553	NA	NA
627	31	sausage	salchicha	1	NA	NA	NA	NA	2019.30705086579	NA	NA
627	32	mushroom	hongo	1	2029	0	0	2008	1324.40429472086	NA	NA
627	33	tie	corbata	2	3550	0	0	3536	3886.73974222664	NA	NA
627	34	peach	melocot칩n	1	1223	0	0	1208	2828.3701520658	NA	NA
627	35	tree	치rbol	2	1110	0	0	1083.81730818474	1413.93397235101	NA	NA
627	36	monkey	mono	2	1065	0	0	1040	1894.42813669194	NA	NA
627	37	spoon	cuchara	2	638	0	0	772.568144731523	829.165277932381	NA	NA
627	38	horse	caballo	1	1088	0	0	1064.51739453284	1159.82757356714	NA	NA
627	39	belt	cintur칩n	1	3436	0	0	3393.49675138833	1975.85856108918	NA	NA
627	40	suit	traje	1	1410	0	0	1360	2167.58597728759	NA	NA
627	41	chair	silla	1	1160	0	0	1144	1583.52636286042	NA	NA
627	42	back	espalda	1	1561	0	0	1498.81218313499	1718.80880213938	NA	NA
627	43	parrot	loro	2	1234	0	0	1216	6730.63791415975	NA	NA
627	44	window	ventana	1	1097	0	0	1080	2452.98073185723	NA	NA
627	45	glove	guante	2	2570	0	0	2560	7718.62757360497	NA	NA
627	46	iron	plancha	2	882	0	0	851.846520320777	1464.36678419609	NA	NA
628	1	turkey	pavo	1	1711	0	0	1974.82582934197	2037.24817002893	NA	NA
628	2	wallet	cartera	1	804	0	0	983.522971970743	2055.26844697498	NA	NA
628	3	leaf	hoja	1	1099	0	0	1063.53418196769	856.000000000001	NA	NA
628	4	skull	calavera	1	75	0	0	837.832829893504	758.573609236049	NA	NA
628	5	dice	dado	1	1696	0	0	1658.67807130656	2467.40492256673	NA	NA
628	6	doll	mu침eca	1	956	0	0	920.44431271503	1032	NA	NA
628	7	ant	hormiga	2	924	0	0	888.562272785277	1230.06744211312	NA	NA
628	8	zipper	cremallera	2	798	0	0	772.214620755053	989.09615279993	NA	NA
628	9	shark	tibur칩n	2	683	0	0	658.956352368617	797.526002276164	NA	NA
628	10	nurse	enfermera	1	2191	0	0	2170.90852675693	2784	NA	NA
628	11	bone	hueso	1	813	0	0	780.443827106155	1056	NA	NA
628	12	peach	melocot칩n	2	723	0	0	1045.27570835941	2099.95390280567	NA	NA
628	13	heel	tac칩n	2	881	0	0	822.995636556335	1245.13210018633	NA	NA
628	14	leg	pierna	2	587	0	0	819.942853041876	1131.84539284214	NA	NA
628	15	scarf	bufanda	1	859	0	0	1207.81854635026	931.036843877221	NA	NA
628	16	suit	traje	1	1183	0	0	1146.35694735398	949.92701684312	NA	NA
628	17	blanket	manta	2	871	0	0	983.617799578549	952.000000000001	NA	NA
628	18	basket	canasta	1	1367	0	0	1320.08278849698	2537.10739768601	NA	NA
628	19	bra	sujetador	1	1022	0	0	988.608726305186	1014.6999430939	NA	NA
628	20	pillow	almohada	1	976	0	0	932.202936082985	831.826862844682	NA	NA
628	21	watch	reloj	1	1403	0	0	1360.51095862497	1390.84999349918	NA	NA
628	22	lighter	mechero	2	1080	0	0	1047.1747559789	1694.11929567993	NA	NA
628	23	dog	perro	1	925	0	0	894.033992119913	857.016888634139	NA	NA
628	24	rope	soga	2	NA	1	1	NA	3442.56467266316	NA	NA
628	25	wave	ola	2	751	0	0	715.252342202832	944	NA	NA
628	26	moustache	bigote	2	950	0	0	916.619599200184	928	NA	NA
628	27	mushroom	hongo	2	925	0	0	884.970469184341	842.166050686317	NA	NA
628	28	glove	guante	1	189	0	0	1021.93314405894	2052.69960710806	NA	NA
628	29	pencil	l치piz	1	924	0	0	882.792761489286	1102.05347444993	NA	NA
628	30	horse	caballo	2	522	0	0	636.174435503765	695.632656433631	NA	NA
628	31	fence	alambrada	2	583	0	0	903.166556208536	1023.95566903648	NA	NA
628	32	bracelet	pulsera	2	1053	0	0	1005.56955896454	971.726444948862	NA	NA
628	33	swing	columpio	2	933	0	0	902.71820462426	943.927617821963	NA	NA
628	34	chair	silla	2	74	0	0	726.836283135355	854.820510862352	NA	NA
628	35	sausage	salchicha	2	863	0	0	821.986637536433	1327.34931696892	NA	NA
628	36	spoon	cuchara	1	753	0	0	722.705459447943	741.880606656648	NA	NA
628	37	snake	serpiente	1	731	0	0	699.850342324433	732.403534705216	NA	NA
628	38	raccoon	mapache	2	1080	0	0	1018.54596845379	2435.38147718256	NA	NA
628	39	knife	cuchillo	2	927	0	0	868.119436912975	1096	NA	NA
628	40	donkey	burro	2	871	0	0	839.158752760547	936	NA	NA
628	41	squirrel	ardilla	1	1049	0	0	1020.66544867037	5721.41539118967	NA	NA
628	42	waiter	camarero	2	874	0	0	846.279973378336	1120	NA	NA
628	43	tie	corbata	1	441	0	0	2932.23696695485	2835.52355980946	NA	NA
628	44	onion	cebolla	2	970	0	0	928.181912783558	1663.88449813911	NA	NA
628	45	frog	rana	1	356	0	0	671.855402493609	1082.75566203281	NA	NA
628	46	garlic	ajo	1	1321	0	0	1495.03972489921	1923.15697394245	NA	NA
629	1	squirrel	ardilla	2	3281	0	0	3442.74056175781	NA	NA	NA
629	2	turkey	pavo	2	1019	0	0	1951.54149251997	17447.9643841556	NA	NA
629	3	iron	plancha	2	710	0	0	1323.31690901584	1956.63727258204	NA	NA
629	4	swing	columpio	1	823	0	0	791.75825799544	2537.81792862146	NA	NA
629	5	bra	sujetador	2	669	0	0	632.76396890723	716.056259724512	NA	NA
629	6	brick	ladrillo	2	850	0	0	825.811351051279	832.000000000001	NA	NA
629	7	wallet	cartera	2	697	0	0	660.799667972988	880	1	NA
629	8	ruler	regla	1	1101	0	0	1072.12356686423	10797.354893125	NA	NA
629	9	peach	melocot蚤	1	1098	0	0	1626.89085898461	2259.87397339789	1	NA
629	10	leaf	hoja	2	1751	0	0	1712.17997399497	1180.06095028697	NA	NA
629	11	bone	hueso	2	1127	0	0	1092.6911759047	1824	NA	NA
629	12	lighter	mechero	1	634	0	0	NA	2105.07419902516	NA	NA
629	13	spoon	cuchara	2	654	0	0	614.149475859119	625.504679356847	NA	NA
629	14	coat	abrigo	1	NA	1	1	NA	1160.51930897348	NA	NA
629	15	nurse	enfermera	2	870	0	0	831.235656582012	977.020395708627	NA	NA
629	16	sausage	salchicha	1	2243	0	0	2213.29230834065	1526.01968130022	NA	NA
629	17	horse	caballo	1	NA	NA	NA	NA	749.461905958689	NA	NA
629	18	basket	canasta	2	3345	0	0	3313.82159712431	1422.55637477731	NA	NA
629	19	bowl	cuenco	2	1220	0	0	1184.47847751315	775.085488932927	NA	NA
629	20	skull	calavera	2	521	0	0	640.71285154052	1176.07491459475	NA	NA
629	21	raccoon	mapache	2	1144	0	0	1095.43369014099	3264	NA	NA
629	22	chair	silla	1	758	0	0	743.316323186708	756.496533193613	NA	NA
629	23	pencil	l璥iz	2	840	0	0	806.44655535193	2203.82800484787	NA	NA
629	24	cage	jaula	2	1103	0	0	1074.37447481795	1797.26061864332	NA	NA
629	25	donkey	burro	2	199	0	0	887.272950047563	1494.93910730519	NA	NA
629	26	window	ventana	1	2345	0	2	NA	705.605531097682	NA	NA
629	27	deer	ciervo	1	1682	0	0	1820.56792971733	1000	NA	NA
629	28	glove	guante	2	1112	0	0	1071.35995507506	3408	NA	NA
629	29	shark	tibur蚤	1	1098	0	0	1072.12356686423	NA	NA	NA
629	30	suit	traje	1	1459	0	0	1436.75401894331	1542.26409940683	NA	NA
629	31	bucket	cubo	1	2392	0	0	2510.3231533708	936.637170995941	NA	NA
629	32	whistle	silbato	2	1080	0	0	1044.04461310018	1861.52316010264	NA	NA
629	33	pocket	bolsillo	1	2760	0	0	2727.12168854993	1369.4589150614	NA	NA
629	34	bracelet	pulsera	1	882	0	0	1143.63190136123	1040	NA	NA
629	35	mushroom	hongo	1	1017	0	0	978.430563067332	904	NA	NA
629	36	snake	serpiente	2	1738	0	0	1711.66258125765	1104.78802751261	NA	NA
629	37	shovel	pala	1	1021	0	0	990.214972890042	808.675790350622	NA	NA
629	38	heel	tac蚤	1	1342	0	0	1307.86560014606	1713.91454512537	NA	NA
629	39	tie	corbata	1	835	0	0	1215.65762859557	1986.57268273164	NA	NA
629	40	tree	痙bol	1	826	0	0	883.538905034918	716.237471434202	NA	NA
629	41	scarf	bufanda	2	1703	0	0	1668.84542086983	1703.48114893761	NA	NA
629	42	waiter	camarero	1	669	0	0	765.453578682703	1488	NA	NA
629	43	zipper	cremallera	1	3480	0	0	3445.56708992732	1279.33622085203	NA	NA
629	44	dog	perro	1	1029	0	0	988.979718525199	651.469573601877	NA	NA
629	45	doll	mu吝ca	2	2267	0	0	2235.78974238208	1453.4262444176	NA	NA
629	46	frog	rana	2	1077	0	0	1051.2065929529	1083.02746154595	NA	NA
630	1	wallet	cartera	1	1554	0	0	1692.30444012727	1208.31382984587	1	NA
630	2	whistle	silbato	1	1090	0	0	1320.42549879887	1095.89840749524	1	NA
630	3	leaf	hoja	1	1123	0	0	1301.3435222807	1092.35910141952	NA	NA
630	4	scar	cicatriz	1	1213	0	0	1188.80311552178	3751.87924245929	NA	NA
630	5	bra	sujetador	1	1381	0	0	1358.64851113482	950.398599929458	NA	NA
630	6	doll	mu침eca	1	1944	0	0	1913.28437551806	15370.3857404785	1	NA
630	7	bracelet	pulsera	2	1083	0	0	1334.41340277139	3641.94920951261	NA	NA
630	8	shark	tibur칩n	2	1391	0	0	1368.64117826266	5548.30811999973	1	NA
630	9	pocket	bolsillo	2	1259	0	0	1222.6149804525	NA	1	NA
630	10	nurse	enfermera	1	1488	0	0	1453.48194168875	1133.9668188947	NA	NA
630	11	bone	hueso	1	1186	0	0	1158.7643911964	1304	1	NA
630	12	mushroom	hongo	2	1606	0	0	1571.18130304077	1699.37562016007	NA	NA
630	13	skirt	falda	1	1390	0	0	1371.71558912627	1091.19328569083	NA	NA
630	14	moustache	bigote	2	858	0	0	822.795167666149	1072	1	NA
630	15	squirrel	ardilla	1	1651	0	0	1630.43524878164	1660.79995848443	1	NA
630	16	shovel	pala	2	1327	0	6	1453.8462793398	1069.54622995869	1	NA
630	17	donkey	burro	2	1068	0	0	1025.50332031072	2005.3317317677	NA	NA
630	18	basket	canasta	1	1644	0	0	1606.86642913622	1064	1	NA
630	19	bowl	cuenco	1	1255	0	0	1473.14203388609	998.436427653569	NA	NA
630	20	pencil	l치piz	1	1125	0	0	1413.04295788618	1520	NA	NA
630	21	spoon	cuchara	1	963	0	0	1149.70086826082	946.671957698117	NA	NA
630	22	fence	alambrada	2	2402	0	0	2360.35578708883	1425.05387835259	NA	NA
630	23	skull	calavera	1	1383	0	0	1361.18806101755	7633.84646389432	NA	NA
630	24	dog	perro	1	1131	0	0	1096.54999408551	1240	NA	NA
630	25	pillow	almohada	1	2001	0	0	2330.7288142184	1648	NA	NA
630	26	blanket	manta	2	1283	0	0	1250.61407938893	1376	NA	NA
630	27	lighter	mechero	2	1111	0	0	1091.28123910443	1566.31152513893	1	NA
630	28	glove	guante	1	7838	0	0	8731.15064411411	968.000000000001	1	NA
630	29	swing	columpio	2	1216	0	0	1475.78306594561	3376.41635402489	NA	NA
630	30	suit	traje	2	748	0	0	963.006935839784	1179.28928910596	NA	NA
630	31	deer	ciervo	2	1201	0	0	1269.5346826096	2037.83614709669	NA	NA
630	32	bucket	cubo	2	1724	0	0	1695.55769253191	1173.28046379863	NA	NA
630	33	sausage	salchicha	2	972	0	0	952.442807601737	1509.46048770034	NA	NA
630	34	chair	silla	2	1158	0	0	1140.34620793287	1761.46656710942	NA	NA
630	35	peach	melocot칩n	2	1226	0	0	1203.96388727506	2503.67102404114	1	NA
630	36	skunk	mofeta	1	1149	0	0	1124.00425018762	1261.51443501509	NA	NA
630	37	zipper	cremallera	2	1054	0	0	1018.8653877643	1096	NA	NA
630	38	heel	tac칩n	2	977	0	0	1138.50289232849	4626.91406447205	NA	NA
630	39	tie	corbata	2	1250	0	0	1227.70738935591	1532.8416381212	NA	NA
630	40	tree	치rbol	2	1046	0	0	1020.26451089	1281.54248810623	NA	NA
630	41	turkey	pavo	1	2017	0	0	1991.40485610673	1274.97919413393	NA	NA
630	42	waiter	camarero	2	1986	0	0	1948.08111665616	1136	NA	NA
630	43	snake	serpiente	1	558	0	0	1338.0160200469	1086.30442717075	NA	NA
630	44	horse	caballo	2	1489	0	0	1438.77201698311	4088	NA	NA
630	45	frog	rana	1	881	0	0	840.601130584545	963.793281191416	NA	NA
630	46	garlic	ajo	1	1576	0	0	1542.22893709956	NA	NA	NA
631	1	wallet	cartera	2	791	0	0	761.745320124813	1330.00135928415	NA	NA
631	2	whistle	silbato	2	4128	0	0	4790.67507930755	2413.67405553268	NA	NA
631	3	nurse	enfermera	2	783	0	0	752.612756036189	888.179782741206	NA	NA
631	4	shovel	pala	1	2106	0	0	2080	1229.60170568788	NA	NA
631	5	bra	sujetador	2	849	0	0	813.979527424667	1120.80394732246	NA	NA
631	6	doll	mu침eca	2	2774	0	0	2742.59589230173	3436.17987272943	NA	NA
631	7	axe	hacha	1	1925	0	0	1904	2164.73508206367	NA	NA
631	8	peach	melocot칩n	1	1432	0	0	1407.5970250063	2261.3990985138	NA	NA
631	9	lighter	mechero	1	2550	0	0	2517.37949194114	1187.54013443388	NA	NA
631	10	scarf	bufanda	2	2505	0	0	2464	2891.93212339411	NA	NA
631	11	bone	hueso	2	1445	0	0	1404.63241453068	1540.3547286348	NA	NA
631	12	deer	ciervo	1	217	0	0	2472	1092.69594923638	NA	NA
631	13	skull	calavera	2	1395	0	0	1368	2336.65509228248	NA	NA
631	14	moustache	bigote	1	1351	0	0	1313.25686437718	NA	NA	NA
631	15	snail	caracol	2	NA	1	1	NA	10845.6344607295	NA	NA
631	16	pocket	bolsillo	1	3837	0	0	3816	1505.69784031669	NA	NA
631	17	monkey	mono	1	1882	0	0	2037.70152424413	2404.07665025811	NA	NA
631	18	basket	canasta	2	1871	0	0	1856	11195.6269353487	NA	NA
631	19	bowl	cuenco	2	2099	0	0	2064.06027192974	3720	NA	NA
631	20	snake	serpiente	2	847	0	0	816	1688.70961163728	NA	NA
631	21	tie	corbata	2	2422	0	0	4168	3854.56563038192	NA	NA
631	22	chair	silla	1	1071	0	0	1064	1059.61159057749	NA	NA
631	23	pencil	l치piz	2	992	0	0	976.000000000001	1465.88949286157	NA	NA
631	24	raccoon	mapache	2	2641	0	0	2624	6622.18953977608	NA	NA
631	25	candle	vela	2	504	0	0	1048	1573.81603939075	NA	NA
631	26	blanket	manta	1	1722	0	0	1672	1980.23696201672	NA	NA
631	27	coffin	ata칰d	1	1053	0	0	1040	1243.16487690594	NA	NA
631	28	leaf	hoja	2	784	0	0	768	909.710548502126	NA	NA
631	29	sausage	salchicha	1	1272	0	0	1232	3768	NA	NA
631	30	pillow	almohada	2	1017	0	0	987.705368567665	1796.20227814939	NA	NA
631	31	bull	toro	1	1263	0	0	1240	6426.38271596234	NA	NA
631	32	bracelet	pulsera	1	1761	0	0	1632	2032	NA	NA
631	33	mushroom	hongo	1	1177	0	0	1152	1408.54547836467	NA	NA
631	34	bucket	cubo	1	4792	0	0	4760	2357.72398689621	NA	NA
631	35	fence	alambrada	1	1354	0	0	1215.40974590148	1392.39358786724	NA	NA
631	36	zipper	cremallera	1	1549	0	0	1528	2903.64721498042	NA	NA
631	37	shark	tibur칩n	1	1886	0	0	1840	1103.36982661057	NA	NA
631	38	pigeon	paloma	2	836	0	0	816	2339.96067698703	NA	NA
631	39	suit	traje	1	1286	0	0	1248	1591.54282921336	NA	NA
631	40	spoon	cuchara	2	787	0	0	760	860.567149974245	NA	NA
631	41	turkey	pavo	2	1082	0	0	1064	6069.6881675531	NA	NA
631	42	dress	vestido	1	2662	0	0	3408.04514582641	3760	NA	NA
631	43	swing	columpio	1	1128	0	0	1096	1010.81031836847	NA	NA
631	44	dog	perro	1	1126	0	0	1104	947.961132526892	NA	NA
631	45	frog	rana	2	1602	0	0	1525.63909666022	1110.71883155763	NA	NA
631	46	glove	guante	2	4758	0	0	4688	1226.16098585111	NA	NA
